%  Matlab mesh
% untitled2, Created by Gmsh
% ASCII
clear msh;
msh.nbNod = 273;
msh.POS = [
3 2.449293598294706e-16 1;
0 2.449293598294706e-16 1;
3 -0.3826834323650894 0.923879532511287;
3 -0.7071067811865469 0.7071067811865481;
3 -0.9238795325112862 0.3826834323650911;
3 -1 2.059633784282649e-15;
3 -0.9238795325112876 -0.3826834323650877;
3 -0.7071067811865498 -0.7071067811865452;
3 -0.382683432365094 -0.923879532511285;
3 -5.451535198115487e-15 -1;
3 0.3826834323650847 -0.9238795325112888;
3 0.7071067811865442 -0.7071067811865508;
3 0.9238795325112855 -0.3826834323650928;
3 1 -2.848232278972479e-15;
3 0.9238795325112876 0.3826834323650876;
3 0.7071067811865489 0.7071067811865461;
3 0.3826834323650904 0.9238795325112865;
0.375 2.449293598294706e-16 1;
0.75 2.449293598294706e-16 1;
1.125 2.449293598294706e-16 1;
1.5 2.449293598294706e-16 1;
1.875 2.449293598294706e-16 1;
2.25 2.449293598294706e-16 1;
2.625 2.449293598294706e-16 1;
0 -0.3826834323650894 0.923879532511287;
0 -0.7071067811865469 0.7071067811865481;
0 -0.9238795325112862 0.3826834323650911;
0 -1 2.059633784282649e-15;
0 -0.9238795325112876 -0.3826834323650877;
0 -0.7071067811865498 -0.7071067811865452;
0 -0.382683432365094 -0.923879532511285;
0 -5.451535198115487e-15 -1;
0 0.3826834323650847 -0.9238795325112888;
0 0.7071067811865442 -0.7071067811865508;
0 0.9238795325112855 -0.3826834323650928;
0 1 -2.848232278972479e-15;
0 0.9238795325112876 0.3826834323650876;
0 0.7071067811865489 0.7071067811865461;
0 0.3826834323650904 0.9238795325112865;
0.3373595941779137 -0.5555702330196054 -0.8314696123025431;
2.66837030564674 0.5769786225351549 -0.8167592479656629;
2.67336676475097 -0.9794799374121388 -0.2015416885091337;
0.3246227600947469 0.9811248852942019 -0.1933751779739042;
0.3354582312574354 -0.9847059118373916 0.1742247605608662;
2.674102680035082 0.979236112782597 0.2027230510386742;
1.688168737376499 -0.3212393940110163 0.9469980209775705;
1.311439497675657 0.3235504542395105 0.9462109191725735;
2.662770329395922 -0.858074031890848 0.5135260030364422;
0.3756353935631745 0.8158551747297974 0.578256287355885;
2.060028437810033 0.3248867910472005 0.9457529132934525;
0.9375 -0.3204494276689517 0.9472656250000003;
2.665136165555236 -0.2211751377028113 -0.9752341044396173;
0.347453649116266 0.2077487940281247 -0.9781822113388997;
0.6017818088318867 0.3282042329614862 0.9446067866928347;
2.4375 -0.3204494276689544 0.9472656249999994;
0.367311781585252 -0.5808960119658744 0.8139777781255104;
2.696007386461574 0.5326144808843408 0.8463579708092221;
1.312611456229421 -0.3210058337325704 0.9470772168675886;
1.500338558342048 -0.6098011022307043 0.7925544875390071;
1.877668980905547 -0.6090282894152207 0.79314849977288;
1.690426009145589 -0.8346743235122257 0.5507438367057851;
1.308094280940206 -0.8344591002060777 0.5510698776772898;
1.498508994842202 -0.9691818317017712 0.2463464574521007;
1.883903362165118 -0.9690187141212088 0.2469873107730012;
1.691771684172165 -0.9962516609404141 -0.08650218536815277;
1.304891802046992 -0.9962428403293667 -0.08660371292546296;
1.498689534261263 -0.9115923813122474 -0.4110952813320364;
1.110621575498946 -0.9116114160840117 -0.4110530696458825;
1.304651290128152 -0.7237700303245626 -0.6900412619575599;
1.693440696866128 -0.7241014719674591 -0.6896934524080672;
1.49943665418513 -0.4538293021116051 -0.8910886401166236;
1.110146550358036 -0.4535874856187352 -0.8912117553590021;
1.304981400119716 -0.1316793644248909 -0.9912923610038851;
1.694594664282084 -0.1320934976211806 -0.9912372611469986;
1.500106924769524 0.2053979204941915 -0.9786785449046391;
1.889875824930869 0.2049092212332244 -0.9787809821679176;
1.69520349549251 0.5191387719630299 -0.8546899645162082;
1.305424528014553 0.5195708839085482 -0.8544273500974147;
1.500901512339565 0.7738989317555961 -0.633309121541406;
1.890092737127654 0.7734792388569113 -0.6338216366276345;
1.696127435628401 0.9401868336591427 -0.3406592400243909;
1.307718112936751 0.9403496344281994 -0.3402095898571228;
1.502009069373814 0.9999498649526912 -0.01001337011672282;
1.106189746827835 0.9999684928966924 -0.007938086288113662;
1.307425958905334 0.9472004977984126 0.3206418827452822;
1.694863916758065 0.9473210948154833 0.3202854091550128;
2.084395973296148 0.9400172683365577 -0.3411268609023275;
0.9311629622786742 -0.1219094279004386 -0.9925412290625452;
0.9204476273344231 0.9408531068975177 -0.338814744722375;
0.92372377513172 0.9469421690536016 0.3214039957251;
0.9307766248756855 -0.9969204769284223 -0.07841914741188548;
0.6904359722827658 -0.9169340084643429 -0.3990388754513928;
1.116472447548276 0.7965583040595098 0.6045617158188547;
2.07766961598179 -0.9963376662240268 -0.0855058761914048;
2.069026277496605 -0.1238112218619086 -0.9923057902386044;
2.245491437362133 0.2040922354412994 -0.9789516634811819;
2.302968588024196 -0.9556289494695783 0.2945730994773114;
2.323663615183604 0.7485841537125384 -0.6630397912723509;
2.41501458638492 0.9334025833492666 -0.3588309036258099;
2.32115383205884 0.9999638964761155 0.008497396325029065;
0.762546193543667 0.7954829995511606 0.6059759049872265;
0.9349736267055568 0.5441173632062899 0.839009115002593;
0.6916797233089309 -0.4219256799255613 -0.9066304211856961;
1.501037883959373 0.7980727165429283 0.6025611496850679;
1.886243085354107 0.7974458873853548 0.603390467849952;
1.68999654811961 0.5482372864002018 0.8363228310888943;
1.897097185977516 0.9999746516348205 -0.007120118525655804;
2.070621626859705 0.505159239789836 -0.8630261539808367;
1.113536763747507 0.2076082025648582 -0.9782120599480405;
0.9167522088546113 0.5201671681315064 -0.8540644689940269;
1.111960758806222 0.7742113328279163 -0.6329271775811348;
1.886244052914226 -0.4530491407135214 -0.8914855445259557;
2.079367314071561 -0.7247558694652797 -0.6890057544575564;
0.9163136101812638 -0.7210330907327973 -0.6929006292884353;
2.075221073459056 -0.8333814820754923 0.552698204568873;
1.894375183952046 -0.9137837175153178 -0.4062010802593781;
1.115043648647941 -0.9686883220933291 0.2482799521508143;
0.9423208574506355 -0.8283326656268217 0.5602365527663864;
2.0625 -0.3204494276686266 0.9472656250001104;
2.078132524400685 0.9440115132775485 0.3299125077947681;
2.24480187764542 0.8026711418200734 0.5964218625178488;
0.742019553107845 0.2171574432535861 -0.9761365912819606;
0.5486036751765111 0.5412671132690523 -0.8408507073752075;
0.7338487651902295 0.7805920037102173 -0.6250408976568398;
0.3477925848709845 0.8077730618777722 -0.5894935796975306;
2.620123258042136 0.1986140497460411 -0.9800777822415306;
1.125087944004197 -0.6084289500033253 0.7936083497531078;
2.625933289809405 0.8116616670286351 0.5841278441200154;
0.3431491194825814 -0.8610410169065597 0.5085355122353971;
2.671342994012271 -0.9864895931125797 0.1638239380572233;
0.3301776246101641 0.9806075508475895 0.1959817114444407;
0.6874584773671079 0.9999832173628446 -0.005793530241042423;
0.3322209296546377 -0.212353839354793 -0.9771928401862545;
2.664849992829819 -0.560944127351966 -0.8278536621827202;
2.678240393192267 -0.8314598968050551 -0.5555847730139183;
2.313983556723516 -0.9164312099944796 -0.4001922504847565;
0.3285485773535435 -0.9781696334073557 -0.2078080082184496;
0.3248995260948498 -0.8286110996434083 -0.5598246560734367;
2.249331716507871 -0.5952595696529481 0.8035334745588307;
2.307571341821467 -0.4271002276609895 -0.904204288605142;
0.7006565264729701 -0.9561007237564768 0.2930382330555883;
2.654299479965493 -0.5789206023172543 0.8153839195205088;
0.3127531118021034 0.5319325204924316 0.8467867462605735;
0.5761710540884032 -0.3128668509349123 0.9497969959870748;
0.7630335290537438 -0.59454479024801 0.8040624928380565;
2.453287481037502 0.293327989299874 0.9560118674437535;
2.684789917053329 0.8088198535119002 -0.5880564977661485;
1.310784000801695 0.6179624109647025 0.7862076434598509;
1.68729289672106 0.2455871024297092 0.9693745277859221;
0.94463898664262 0.2453140242069598 0.9694436701156943;
2.056771601702494 0.6187763555122023 0.7855671975452111;
2.405913343213441 -0.7071067811865498 -0.7071067811865452;
0.5930530127548761 -0.7071067811862675 -0.7071067811868276;
0.6028340429714985 0.932206717160641 -0.3619262859762756;
0.6070913963804583 0.9331528965584922 0.3594797235512679;
2.703327149646434 0.9923326794820141 -0.123595522702266;
2.398866342914535 0.9305365785499333 0.3661989568261819;
2.402462297613975 -0.998968067466434 -0.04541806009043366;
0.6040790366816705 -0.9991521390683088 -0.04117041407640812;
0.5975380268892777 0.6201438842755346 0.784488089645504;
2.720934320344183 0.2803855346561689 0.9598874683813589;
0.2790656796559357 -0.2803855346559218 0.9598874683814311;
2.374161070585331 -0.7953601048029519 0.6061371987329579;
0.616832611324716 -0.07578292984057691 -0.9971243390594666;
2.381469696055515 -0.07651563116527198 -0.9970683819013518;
0.2667057710418492 0.266715459686259 0.9637753179887663;
2.728249052974737 -0.2735540262553708 0.9618566393800461;
2.363521361192017 0.5763766056460792 0.8171841949425503;
0.6251558412047333 -0.7916782615138883 0.6109382376691996;
0.2352619268282889 0.5528058100463523 -0.8333101081704195;
2.383867935031035 0.4636559723984811 -0.8860153154766677;
3 -0.3780561817583902 -0.5468519353171136;
3 0.3571643972803481 0.5345342951887135;
3 -0.583783415016955 0.3886461989623013;
3 0.5345342951887124 -0.3571643972803493;
3 -0.6689595496808016 -0.1309471971273394;
3 0.1428687634568687 -0.6341295350249285;
3 -0.1254194575893717 0.6305261922200519;
3 0.5968062442079216 0.06619010545830832;
3 -0.1479423373503359 -0.7437563551187295;
3 -0.06602313720374094 -0.3254296925887212;
3 -0.3970027533891471 -0.2064444552462423;
3 -0.1668095352688951 0.07322674973843826;
3 0.2007226862202616 0.04135396402889102;
3 0.06960027368866986 0.3682101134676817;
3 0.2511175646887527 -0.2554984606307067;
3 -0.7316917639158639 0.1467586742396633;
3 -0.6305261922200531 -0.4213041322900347;
3 0.1479423373503327 0.7437563551187292;
3 -0.4213041322900359 0.6305261922200522;
3 0.4087027287808612 -0.591261584439133;
3 0.604002690528996 0.3983390660290249;
3 0.7638050179769797 -0.1684144310467842;
3 -0.2489465490305862 0.3725748398748623;
3 0.3656592583852395 0.2817255088345239;
3 -0.4661989277170414 0.1073024684069473;
0 -0.3780561817583902 -0.5468519353171135;
0 0.3571643972803481 0.5345342951887135;
0 -0.583783415016955 0.3886461989623014;
0 0.5345342951887124 -0.3571643972803493;
0 -0.6689595496808016 -0.1309471971273394;
0 0.1428687634568687 -0.6341295350249283;
0 -0.1254194575893717 0.6305261922200519;
0 0.5968062442079217 0.06619010545830842;
0 -0.1479423373503359 -0.7437563551187295;
0 -0.06602313720374092 -0.325429692588721;
0 -0.3970027533891471 -0.2064444552462421;
0 -0.1668095352688952 0.0732267497384386;
0 0.2007226862202617 0.04135396402889142;
0 0.06960027368866986 0.3682101134676818;
0 0.2511175646887527 -0.2554984606307062;
0 -0.4213041322900359 0.6305261922200522;
0 0.1479423373503327 0.7437563551187292;
0 -0.6305261922200531 -0.4213041322900347;
0 -0.731691763915864 0.1467586742396633;
0 0.4087027287808612 -0.591261584439133;
0 0.604002690528996 0.3983390660290249;
0 0.7638050179769799 -0.1684144310467841;
0 -0.2489465490305864 0.3725748398748626;
0 0.3656592583852395 0.2817255088345241;
0 -0.4661989277170416 0.1073024684069474;
1.128097611988573 0.2759677560283512 -0.06911966996218287;
2.044205602602923 -0.02131740466041909 0.02691743511750344;
0.6844228452678243 -0.1358781232719994 0.2816304596252778;
1.430852547049106 -0.2965138232825941 0.1483090818897566;
0.6846678117869454 -0.08719309391351227 -0.3586703044528978;
1.578572888892672 -0.0148852174817885 -0.3890226105462932;
2.418000675291663 0.3577140903592545 0.2630282100800341;
2.447356290913577 -0.4251721395328224 -0.04815315795110806;
1.638021451920922 0.3652598210142791 0.2206394069108136;
0.5574088124545966 0.4085948021779039 0.09605857234731202;
2.428652880656915 0.08949411222266396 -0.4196489158347723;
2.465255279517365 -0.159669718298355 0.4273588228743233;
1.164993316633111 0.08585138721430052 0.4520947924418002;
0.4965900525624815 -0.4858089826645275 -0.06152647654553231;
1.157920513450492 -0.3532512828397069 -0.3192366962942338;
1.780027757391034 -0.07890603946671429 0.4837282008907559;
1.810448892689412 -0.4423788195667831 -0.1865610094876552;
1.880708017707635 0.4019630226686671 -0.2521569590904228;
0.9637932286172575 -0.5130307664779047 0.1119055081182535;
2.091234198433028 -0.4317560138829758 0.281142512529347;
1.107801706850298 0.08592034314691344 -0.511736870091723;
2.546602104313556 0.4987077976998992 -0.1844735017397949;
0.7657852193229804 0.3835753275594659 -0.3612842016738846;
0.4282782854474392 0.1650412995120594 0.5349508367260234;
2.023525156284377 -0.1566115175758035 -0.5125366972566201;
2.580676424691288 0.007608636400618596 0.0173996325551419;
2.015516273325292 0.3061509394559516 0.4618948965218123;
0.9600810302917901 0.4752680496524536 0.3120561681954588;
1.407998109360388 0.4014551852426166 -0.3984095383877282;
0.3805947176328245 -0.4185638962190328 0.3347974967794469;
2.567805254128876 -0.3287438079200767 -0.4633517929152122;
0.9968480244261098 -0.3016993167179432 0.5233828369191423;
2.062921298097923 0.5646436519971992 0.1114504599809545;
2.658942135097953 -0.5846785976594043 0.223028636814144;
0.4032092846887634 -0.06776971744688515 -0.03529983288769024;
0.9585604471632986 -0.1093660295063676 -0.03825012646633223;
0.4219294960642463 0.1993913714940907 -0.5509583138144678;
0.4079502205925906 -0.3843472473217419 -0.4569850811079935;
1.3399499076369 0.6169468625001981 0.06030714486225458;
1.40199248503497 -0.2349577583219205 0.5544355235468732;
2.628357550954251 0.1878935985834863 0.5713035344484383;
1.525848010886175 0.2262820176040611 0.5913604352840256;
1.431484631846226 -0.603252327857571 -0.131714828686766;
1.528373048132453 -0.4100756519661624 -0.4847535360245678;
1.714290037922173 -0.5918306441004983 0.2153354008737618;
0.7830369418305401 -0.5186474909041419 -0.354836472998555;
1.473904582766095 0.07438522720918844 -0.008233360359599623;
0.9171808100008814 0.6302713493562153 -0.0676183447273207;
2.146712269394012 -0.03024337378446457 0.6205689128730068;
0.8094201050116483 0.107803031993902 0.624057180210053;
2.204755365470368 -0.4968451382555755 -0.3714453547606796;
0.4187450024548148 0.5791414043289268 -0.2532763662348606;
];
msh.MAX = max(msh.POS);
msh.MIN = min(msh.POS);
msh.LINES =[
 1 3 0
 3 4 0
 4 5 0
 5 6 0
 6 7 0
 7 8 0
 8 9 0
 9 10 0
 10 11 0
 11 12 0
 12 13 0
 13 14 0
 14 15 0
 15 16 0
 16 17 0
 17 1 0
 2 18 0
 18 19 0
 19 20 0
 20 21 0
 21 22 0
 22 23 0
 23 24 0
 24 1 0
 2 25 0
 25 26 0
 26 27 0
 27 28 0
 28 29 0
 29 30 0
 30 31 0
 31 32 0
 32 33 0
 33 34 0
 34 35 0
 35 36 0
 36 37 0
 37 38 0
 38 39 0
 39 2 0
];
msh.TRIANGLES =[
 1 167 3 0
 17 161 1 0
 1 161 24 0
 24 167 1 0
 2 162 18 0
 18 166 2 0
 25 162 2 0
 2 166 39 0
 3 142 4 0
 3 167 142 0
 4 48 5 0
 4 142 48 0
 5 130 6 0
 48 130 5 0
 6 42 7 0
 6 130 42 0
 7 135 8 0
 42 135 7 0
 8 134 9 0
 8 135 134 0
 9 52 10 0
 9 134 52 0
 10 126 11 0
 52 126 10 0
 11 41 12 0
 11 126 41 0
 12 147 13 0
 41 147 12 0
 13 156 14 0
 147 156 13 0
 14 45 15 0
 14 156 45 0
 15 128 16 0
 45 128 15 0
 16 57 17 0
 16 128 57 0
 57 161 17 0
 19 54 18 0
 18 144 19 0
 54 166 18 0
 18 162 144 0
 19 51 20 0
 20 150 19 0
 19 144 51 0
 19 150 54 0
 21 47 20 0
 20 58 21 0
 47 150 20 0
 51 58 20 0
 21 46 22 0
 22 149 21 0
 21 58 46 0
 21 149 47 0
 23 50 22 0
 22 119 23 0
 46 119 22 0
 50 149 22 0
 23 55 24 0
 24 146 23 0
 23 146 50 0
 23 119 55 0
 55 167 24 0
 24 161 146 0
 26 56 25 0
 56 162 25 0
 27 129 26 0
 26 129 56 0
 28 44 27 0
 44 129 27 0
 29 137 28 0
 28 137 44 0
 30 138 29 0
 29 138 137 0
 31 40 30 0
 40 138 30 0
 32 133 31 0
 31 133 40 0
 33 53 32 0
 53 133 32 0
 34 170 33 0
 33 170 53 0
 35 125 34 0
 125 170 34 0
 36 43 35 0
 43 125 35 0
 37 131 36 0
 36 131 43 0
 38 49 37 0
 49 131 37 0
 39 143 38 0
 38 143 49 0
 39 166 143 0
 40 133 103 0
 103 153 40 0
 40 153 138 0
 98 147 41 0
 41 171 98 0
 126 171 41 0
 130 158 42 0
 42 136 135 0
 42 158 136 0
 43 154 125 0
 131 132 43 0
 132 154 43 0
 44 141 129 0
 137 159 44 0
 44 159 141 0
 45 156 100 0
 100 157 45 0
 45 157 128 0
 58 59 46 0
 59 60 46 0
 60 119 46 0
 47 148 102 0
 102 150 47 0
 106 148 47 0
 47 149 106 0
 97 130 48 0
 48 163 97 0
 142 163 48 0
 101 155 49 0
 49 160 101 0
 49 155 131 0
 143 160 49 0
 106 149 50 0
 50 151 106 0
 146 168 50 0
 50 168 151 0
 51 127 58 0
 51 145 127 0
 144 145 51 0
 52 165 126 0
 134 140 52 0
 140 165 52 0
 53 123 122 0
 122 164 53 0
 53 170 123 0
 53 164 133 0
 54 150 102 0
 102 160 54 0
 54 160 143 0
 143 166 54 0
 119 139 55 0
 139 142 55 0
 142 167 55 0
 129 169 56 0
 56 145 144 0
 144 162 56 0
 56 169 145 0
 128 168 57 0
 146 161 57 0
 57 168 146 0
 58 127 59 0
 59 61 60 0
 59 62 61 0
 59 127 62 0
 61 115 60 0
 115 139 60 0
 60 139 119 0
 62 63 61 0
 63 64 61 0
 64 115 61 0
 62 117 63 0
 62 118 117 0
 62 127 118 0
 63 65 64 0
 63 66 65 0
 63 117 66 0
 65 94 64 0
 94 97 64 0
 97 115 64 0
 66 67 65 0
 67 116 65 0
 65 116 94 0
 66 68 67 0
 66 91 68 0
 66 117 91 0
 68 69 67 0
 69 70 67 0
 70 116 67 0
 68 114 69 0
 91 92 68 0
 92 114 68 0
 69 71 70 0
 69 72 71 0
 69 114 72 0
 71 112 70 0
 112 113 70 0
 113 116 70 0
 72 73 71 0
 73 74 71 0
 74 112 71 0
 72 88 73 0
 72 103 88 0
 72 114 103 0
 73 75 74 0
 73 109 75 0
 88 109 73 0
 75 76 74 0
 76 95 74 0
 95 112 74 0
 75 77 76 0
 75 78 77 0
 75 109 78 0
 77 108 76 0
 76 96 95 0
 76 108 96 0
 78 79 77 0
 79 80 77 0
 80 108 77 0
 78 111 79 0
 109 110 78 0
 110 111 78 0
 79 81 80 0
 79 82 81 0
 79 111 82 0
 81 87 80 0
 87 98 80 0
 98 108 80 0
 82 83 81 0
 83 107 81 0
 81 107 87 0
 82 84 83 0
 82 89 84 0
 82 111 89 0
 84 85 83 0
 85 86 83 0
 86 107 83 0
 84 90 85 0
 89 132 84 0
 84 132 90 0
 85 104 86 0
 90 93 85 0
 93 104 85 0
 104 105 86 0
 105 120 86 0
 86 120 107 0
 87 99 98 0
 87 100 99 0
 87 107 100 0
 103 164 88 0
 88 122 109 0
 88 164 122 0
 111 124 89 0
 124 154 89 0
 89 154 132 0
 90 101 93 0
 90 155 101 0
 132 155 90 0
 91 159 92 0
 117 141 91 0
 141 159 91 0
 92 153 114 0
 137 138 92 0
 92 159 137 0
 138 153 92 0
 101 102 93 0
 102 148 93 0
 93 148 104 0
 94 158 97 0
 116 136 94 0
 136 158 94 0
 96 165 95 0
 95 140 112 0
 95 165 140 0
 108 171 96 0
 126 165 96 0
 96 171 126 0
 97 163 115 0
 97 158 130 0
 99 147 98 0
 98 171 108 0
 100 156 99 0
 99 156 147 0
 107 120 100 0
 120 157 100 0
 101 160 102 0
 114 153 103 0
 133 164 103 0
 104 106 105 0
 104 148 106 0
 106 151 105 0
 105 121 120 0
 105 151 121 0
 109 122 110 0
 110 124 111 0
 122 123 110 0
 123 124 110 0
 112 140 113 0
 113 136 116 0
 113 152 136 0
 140 152 113 0
 115 163 139 0
 118 141 117 0
 127 145 118 0
 118 169 141 0
 145 169 118 0
 121 157 120 0
 128 157 121 0
 121 168 128 0
 151 168 121 0
 123 125 124 0
 123 170 125 0
 125 154 124 0
 141 169 129 0
 131 155 132 0
 135 152 134 0
 134 152 140 0
 136 152 135 0
 139 163 142 0
 3 178 1 0
 1 189 17 0
 178 189 1 0
 4 190 3 0
 3 190 178 0
 5 174 4 0
 174 190 4 0
 6 187 5 0
 5 187 174 0
 7 176 6 0
 176 187 6 0
 8 188 7 0
 7 188 176 0
 9 172 8 0
 172 188 8 0
 10 180 9 0
 9 180 172 0
 11 177 10 0
 177 180 10 0
 12 191 11 0
 11 191 177 0
 13 175 12 0
 175 191 12 0
 14 193 13 0
 13 193 175 0
 15 179 14 0
 179 193 14 0
 16 192 15 0
 15 192 179 0
 17 173 16 0
 173 192 16 0
 17 189 173 0
 180 181 172 0
 181 182 172 0
 182 188 172 0
 173 189 185 0
 185 195 173 0
 173 195 192 0
 187 196 174 0
 174 194 190 0
 174 196 194 0
 179 186 175 0
 175 193 179 0
 186 191 175 0
 176 188 182 0
 182 196 176 0
 176 196 187 0
 177 181 180 0
 177 186 181 0
 177 191 186 0
 185 189 178 0
 178 194 185 0
 190 194 178 0
 184 186 179 0
 179 195 184 0
 192 195 179 0
 181 183 182 0
 181 184 183 0
 181 186 184 0
 183 196 182 0
 184 185 183 0
 185 194 183 0
 194 196 183 0
 184 195 185 0
 25 2 203 0
 2 39 213 0
 203 2 213 0
 26 25 212 0
 25 203 212 0
 27 26 199 0
 199 26 212 0
 28 27 215 0
 27 199 215 0
 29 28 201 0
 201 28 215 0
 30 29 214 0
 29 201 214 0
 31 30 197 0
 197 30 214 0
 32 31 205 0
 31 197 205 0
 33 32 202 0
 202 32 205 0
 34 33 216 0
 33 202 216 0
 35 34 200 0
 200 34 216 0
 36 35 218 0
 35 200 218 0
 37 36 204 0
 204 36 218 0
 38 37 217 0
 37 204 217 0
 39 38 198 0
 198 38 217 0
 39 198 213 0
 205 197 206 0
 206 197 207 0
 207 197 214 0
 198 210 213 0
 210 198 220 0
 198 217 220 0
 199 212 219 0
 215 199 221 0
 199 219 221 0
 204 200 211 0
 200 204 218 0
 211 200 216 0
 201 207 214 0
 207 201 221 0
 201 215 221 0
 202 205 206 0
 202 206 211 0
 202 211 216 0
 210 203 213 0
 203 210 219 0
 212 203 219 0
 209 204 211 0
 204 209 220 0
 217 204 220 0
 206 207 208 0
 206 208 209 0
 206 209 211 0
 208 207 221 0
 209 208 210 0
 210 208 219 0
 219 208 221 0
 209 210 220 0
];
msh.TETS =[
 77 227 76 239 0
 108 232 239 246 0
 227 76 239 246 0
 108 239 76 246 0
 217 220 231 245 0
 108 96 232 246 0
 228 243 223 254 0
 226 236 72 242 0
 88 226 72 242 0
 249 260 148 263 0
 188 135 176 252 0
 104 148 260 263 0
 228 223 243 247 0
 72 236 226 267 0
 144 245 224 251 0
 223 243 239 254 0
 108 76 96 246 0
 232 239 223 243 0
 144 162 245 251 0
 98 239 232 243 0
 230 254 239 260 0
 108 232 98 239 0
 117 62 63 225 0
 104 260 230 263 0
 81 239 83 260 0
 117 225 63 264 0
 232 243 223 247 0
 225 253 62 261 0
 62 225 117 240 0
 225 240 62 253 0
 77 75 76 227 0
 88 103 72 226 0
 239 254 107 260 0
 192 228 195 262 0
 169 240 251 253 0
 135 229 176 252 0
 72 226 103 267 0
 227 239 77 250 0
 77 76 108 239 0
 117 240 225 264 0
 188 176 182 252 0
 107 83 239 260 0
 190 233 194 255 0
 98 108 171 232 0
 217 198 220 245 0
 162 203 245 251 0
 224 245 144 271 0
 81 107 83 239 0
 49 217 231 245 0
 160 245 231 249 0
 73 242 236 265 0
 176 135 42 229 0
 101 160 231 249 0
 45 228 157 243 0
 62 63 225 266 0
 128 45 192 228 0
 142 233 190 255 0
 41 232 191 243 0
 60 261 237 266 0
 77 75 227 250 0
 157 228 100 243 0
 171 232 41 243 0
 229 94 241 272 0
 223 237 225 266 0
 83 107 86 260 0
 179 195 192 228 0
 144 253 224 271 0
 60 59 261 266 0
 192 45 179 228 0
 231 249 224 257 0
 224 249 234 257 0
 176 229 182 252 0
 122 226 88 242 0
 223 232 229 272 0
 226 242 122 244 0
 245 249 160 271 0
 96 171 108 232 0
 73 227 242 265 0
 224 251 240 253 0
 195 228 247 262 0
 81 250 239 260 0
 63 264 225 266 0
 76 227 74 246 0
 73 72 236 242 0
 201 137 214 235 0
 223 233 228 270 0
 73 236 72 265 0
 167 178 190 233 0
 122 226 244 258 0
 164 88 122 226 0
 222 249 231 257 0
 75 74 76 227 0
 238 241 94 272 0
 223 241 237 266 0
 210 251 219 256 0
 162 212 203 251 0
 49 231 160 245 0
 60 237 119 270 0
 145 169 251 253 0
 60 241 237 270 0
 60 119 241 270 0
 192 128 228 262 0
 73 227 75 242 0
 98 232 171 243 0
 49 101 160 231 0
 192 195 173 262 0
 111 244 250 269 0
 142 167 190 233 0
 223 225 238 266 0
 87 239 98 243 0
 234 249 148 263 0
 223 246 232 272 0
 223 228 248 270 0
 195 247 185 262 0
 245 251 210 256 0
 87 239 243 254 0
 118 240 169 253 0
 226 258 164 259 0
 195 184 228 243 0
 138 214 235 259 0
 146 248 262 270 0
 225 261 62 266 0
 222 234 249 257 0
 217 131 49 231 0
 98 171 41 243 0
 78 110 242 250 0
 100 228 157 254 0
 78 111 110 250 0
 223 225 237 268 0
 237 241 60 266 0
 49 198 217 245 0
 228 100 243 254 0
 190 178 194 233 0
 75 242 227 250 0
 165 232 246 252 0
 45 157 100 243 0
 74 227 73 265 0
 229 232 223 247 0
 234 263 261 268 0
 261 263 237 268 0
 163 241 233 255 0
 141 169 240 251 0
 231 244 222 257 0
 73 74 75 227 0
 46 237 60 261 0
 225 223 238 268 0
 111 250 82 269 0
 45 179 228 243 0
 94 97 158 229 0
 215 44 235 251 0
 229 247 182 252 0
 195 228 179 243 0
 223 239 232 246 0
 135 229 252 272 0
 97 229 94 241 0
 214 137 138 235 0
 222 249 234 260 0
 59 62 261 266 0
 209 220 210 245 0
 52 180 232 252 0
 224 251 245 256 0
 141 240 235 251 0
 244 256 231 258 0
 164 226 122 258 0
 133 164 258 259 0
 209 231 220 245 0
 46 60 59 261 0
 62 240 118 253 0
 70 238 246 265 0
 224 234 249 271 0
 174 190 194 255 0
 96 165 232 246 0
 225 261 237 268 0
 223 228 233 247 0
 163 233 142 255 0
 94 241 238 266 0
 242 257 236 268 0
 223 238 241 266 0
 168 146 248 262 0
 139 241 119 270 0
 234 225 253 257 0
 165 246 140 252 0
 215 235 221 251 0
 225 236 227 265 0
 139 60 119 241 0
 224 249 231 271 0
 81 82 250 260 0
 222 250 244 269 0
 18 144 162 245 0
 71 74 73 265 0
 244 258 231 273 0
 135 136 229 272 0
 235 240 159 267 0
 168 248 228 262 0
 88 164 103 226 0
 217 220 204 231 0
 60 61 59 266 0
 227 238 223 268 0
 74 246 227 265 0
 139 233 241 270 0
 225 234 261 268 0
 217 204 131 231 0
 155 101 49 231 0
 162 144 56 251 0
 68 236 240 264 0
 250 260 82 269 0
 24 233 55 270 0
 223 233 229 247 0
 139 233 163 241 0
 227 242 236 268 0
 42 135 136 229 0
 162 56 212 251 0
 99 87 98 243 0
 42 176 229 255 0
 144 145 56 251 0
 149 22 237 248 0
 231 258 256 273 0
 225 264 236 265 0
 229 233 223 241 0
 229 232 252 272 0
 223 227 239 246 0
 222 257 242 268 0
 164 103 226 259 0
 70 238 113 246 0
 24 262 233 270 0
 142 190 174 255 0
 194 233 185 247 0
 85 104 93 260 0
 157 45 128 228 0
 224 256 231 257 0
 68 240 236 267 0
 182 176 196 229 0
 225 227 238 265 0
 127 62 253 261 0
 178 233 167 262 0
 239 250 230 260 0
 110 122 242 244 0
 75 78 242 250 0
 52 232 165 252 0
 223 237 230 268 0
 112 70 246 265 0
 215 201 221 235 0
 94 229 158 272 0
 226 256 244 258 0
 21 20 234 261 0
 191 232 186 243 0
 87 99 100 243 0
 24 167 233 262 0
 22 237 248 270 0
 225 227 236 268 0
 21 234 20 263 0
 113 246 238 272 0
 105 230 86 254 0
 101 231 155 249 0
 234 21 261 263 0
 225 238 264 265 0
 195 228 184 247 0
 209 245 210 256 0
 225 257 234 268 0
 148 234 102 249 0
 23 24 55 270 0
 59 61 62 266 0
 87 243 100 254 0
 230 250 239 268 0
 224 231 245 271 0
 230 260 250 268 0
 96 95 165 246 0
 52 126 165 232 0
 163 139 142 233 0
 240 253 225 257 0
 183 182 229 247 0
 196 183 182 229 0
 227 223 239 268 0
 196 229 176 255 0
 51 253 144 271 0
 49 143 198 245 0
 171 126 41 232 0
 256 258 226 259 0
 144 245 18 271 0
 149 248 237 263 0
 228 262 248 270 0
 105 248 230 254 0
 209 231 245 256 0
 141 235 44 251 0
 208 210 219 256 0
 70 113 112 246 0
 229 247 233 255 0
 55 233 139 270 0
 19 144 18 271 0
 80 108 98 239 0
 119 60 46 237 0
 184 228 243 247 0
 97 229 241 255 0
 233 223 241 270 0
 181 182 247 252 0
 133 258 205 259 0
 228 248 121 254 0
 76 95 96 246 0
 236 242 227 265 0
 24 23 262 270 0
 230 237 263 268 0
 79 77 80 250 0
 71 73 72 265 0
 227 223 238 246 0
 112 246 74 265 0
 157 228 121 254 0
 230 239 223 268 0
 24 167 55 233 0
 229 183 247 255 0
 91 159 240 267 0
 183 229 196 255 0
 225 238 227 268 0
 64 241 94 266 0
 106 230 105 248 0
 121 228 168 248 0
 50 248 146 270 0
 234 257 222 268 0
 68 240 91 264 0
 223 230 248 254 0
 104 86 105 230 0
 223 248 228 254 0
 230 237 223 248 0
 177 186 191 232 0
 77 239 80 250 0
 73 88 72 242 0
 211 256 258 273 0
 231 249 245 271 0
 86 230 104 260 0
 91 240 66 264 0
 169 118 141 240 0
 195 179 184 243 0
 242 244 222 250 0
 195 184 185 247 0
 141 159 235 240 0
 102 160 249 271 0
 158 42 136 229 0
 109 75 78 242 0
 118 169 145 253 0
 49 160 143 245 0
 127 62 118 253 0
 24 178 167 262 0
 185 247 233 262 0
 208 219 251 256 0
 142 139 55 233 0
 155 249 231 269 0
 131 155 49 231 0
 20 253 234 261 0
 222 244 242 257 0
 106 104 105 230 0
 225 236 257 268 0
 158 229 97 255 0
 223 239 230 254 0
 212 219 203 251 0
 235 240 224 251 0
 80 77 108 239 0
 42 229 158 255 0
 68 91 66 264 0
 91 240 68 267 0
 242 244 226 257 0
 206 258 256 259 0
 222 260 250 269 0
 18 162 203 245 0
 226 259 103 267 0
 106 230 248 263 0
 187 176 130 255 0
 168 228 128 262 0
 158 229 136 272 0
 228 233 262 270 0
 199 129 215 251 0
 211 231 256 273 0
 194 185 183 247 0
 237 241 223 270 0
 19 51 144 271 0
 230 263 234 268 0
 118 62 117 240 0
 149 50 22 248 0
 233 241 229 255 0
 55 167 142 233 0
 89 111 82 269 0
 221 251 235 256 0
 81 83 82 260 0
 224 234 253 257 0
 73 75 109 242 0
 242 250 222 268 0
 94 238 65 266 0
 232 247 229 252 0
 227 250 242 268 0
 115 60 241 266 0
 194 183 196 255 0
 20 58 253 261 0
 150 102 234 271 0
 194 178 185 233 0
 223 238 246 272 0
 106 104 230 263 0
 96 126 171 232 0
 126 96 165 232 0
 50 168 146 248 0
 105 121 248 254 0
 224 245 231 256 0
 22 248 50 270 0
 90 249 155 269 0
 20 234 253 271 0
 205 258 206 259 0
 215 129 44 251 0
 164 133 103 259 0
 80 98 87 239 0
 102 249 234 271 0
 77 78 75 250 0
 66 240 117 264 0
 97 241 163 255 0
 223 248 237 270 0
 148 47 102 234 0
 41 191 147 243 0
 115 61 60 266 0
 111 89 244 269 0
 21 149 22 237 0
 122 244 123 258 0
 127 59 62 261 0
 81 82 79 250 0
 155 231 132 269 0
 132 155 131 231 0
 46 21 237 261 0
 85 93 249 260 0
 235 256 224 257 0
 95 76 74 246 0
 47 234 148 263 0
 212 56 199 251 0
 226 256 235 257 0
 122 110 123 244 0
 235 226 257 267 0
 22 119 46 237 0
 237 261 225 266 0
 44 141 159 235 0
 109 110 122 242 0
 157 128 121 228 0
 72 114 236 267 0
 131 132 231 273 0
 66 117 63 264 0
 21 149 237 263 0
 224 240 235 257 0
 181 247 232 252 0
 21 22 46 237 0
 234 253 225 261 0
 64 97 94 241 0
 72 103 114 267 0
 235 257 240 267 0
 170 216 258 273 0
 92 138 137 235 0
 119 55 139 270 0
 78 110 109 242 0
 94 158 136 272 0
 146 262 23 270 0
 67 238 70 265 0
 211 231 209 256 0
 208 251 221 256 0
 65 238 67 264 0
 128 168 121 228 0
 56 145 169 251 0
 119 237 22 270 0
 20 253 51 271 0
 24 23 146 262 0
 207 256 235 259 0
 186 243 232 247 0
 246 252 232 272 0
 86 104 85 260 0
 150 102 47 234 0
 135 252 152 272 0
 185 233 178 262 0
 237 261 21 263 0
 147 191 175 243 0
 144 51 145 253 0
 168 128 57 262 0
 250 260 222 268 0
 172 134 188 252 0
 47 20 234 263 0
 109 122 88 242 0
 131 231 204 273 0
 233 247 228 262 0
 101 102 160 249 0
 129 141 44 251 0
 20 58 51 253 0
 68 69 236 264 0
 70 116 113 238 0
 175 191 186 243 0
 81 87 107 239 0
 69 72 236 265 0
 239 250 227 268 0
 183 181 182 247 0
 222 244 231 269 0
 47 21 20 263 0
 236 240 225 257 0
 67 116 70 238 0
 112 74 71 265 0
 111 89 124 244 0
 65 116 67 238 0
 140 252 246 272 0
 107 239 87 254 0
 188 134 135 252 0
 150 234 20 271 0
 165 95 140 246 0
 94 116 238 272 0
 236 264 69 265 0
 92 235 159 267 0
 54 245 160 271 0
 21 58 20 261 0
 48 142 174 255 0
 201 207 221 235 0
 139 115 60 241 0
 199 215 221 251 0
 67 264 238 265 0
 151 121 168 248 0
 225 240 236 264 0
 42 130 176 255 0
 170 125 216 273 0
 105 120 121 254 0
 42 158 130 255 0
 135 152 136 272 0
 113 238 116 272 0
 93 148 102 249 0
 43 204 218 273 0
 85 249 90 260 0
 149 106 248 263 0
 150 47 20 234 0
 211 209 231 273 0
 94 116 65 238 0
 90 260 249 269 0
 224 253 240 257 0
 110 111 124 244 0
 94 65 64 266 0
 141 129 169 251 0
 52 165 140 252 0
 213 18 203 245 0
 105 86 120 254 0
 222 231 249 269 0
 105 121 151 248 0
 98 41 147 243 0
 123 258 244 273 0
 124 123 244 273 0
 154 124 89 244 0
 236 242 226 257 0
 205 202 206 258 0
 89 154 244 269 0
 91 92 159 267 0
 90 155 132 269 0
 137 159 92 235 0
 207 206 256 259 0
 120 157 121 254 0
 69 72 114 236 0
 132 269 231 273 0
 91 117 66 240 0
 163 142 48 255 0
 189 178 24 262 0
 137 44 159 235 0
 73 109 88 242 0
 153 259 138 267 0
 186 232 181 247 0
 214 40 197 259 0
 204 220 209 231 0
 205 53 202 258 0
 205 133 53 258 0
 218 43 131 204 0
 141 91 159 240 0
 26 212 56 199 0
 238 264 65 266 0
 137 201 28 215 0
 69 114 68 236 0
 142 4 174 190 0
 177 181 186 232 0
 131 43 132 273 0
 20 51 19 271 0
 244 269 154 273 0
 18 54 19 271 0
 68 67 69 264 0
 182 172 188 252 0
 40 205 197 259 0
 193 147 175 243 0
 84 260 90 269 0
 180 134 172 252 0
 64 115 97 241 0
 214 138 40 259 0
 204 231 209 273 0
 199 56 129 251 0
 100 156 45 243 0
 113 140 246 272 0
 227 246 238 265 0
 62 61 63 266 0
 67 69 264 265 0
 68 236 114 267 0
 103 259 153 267 0
 82 260 84 269 0
 111 79 82 250 0
 211 256 206 258 0
 53 133 164 258 0
 85 93 90 249 0
 18 245 54 271 0
 92 153 138 267 0
 197 205 206 259 0
 40 30 214 197 0
 240 257 236 267 0
 132 154 269 273 0
 84 85 90 260 0
 179 156 193 243 0
 237 248 230 263 0
 140 112 113 246 0
 90 101 155 249 0
 139 163 115 241 0
 40 133 205 259 0
 131 204 43 273 0
 28 44 137 215 0
 69 71 72 265 0
 149 106 50 248 0
 224 253 234 271 0
 57 16 173 192 0
 45 156 179 243 0
 236 257 226 267 0
 95 74 112 246 0
 188 172 8 134 0
 180 52 134 252 0
 124 125 123 273 0
 186 184 243 247 0
 115 241 64 266 0
 81 80 87 239 0
 156 147 193 243 0
 216 200 258 273 0
 97 115 163 241 0
 177 11 126 191 0
 63 65 264 266 0
 40 30 138 214 0
 198 166 213 245 0
 103 133 40 259 0
 216 125 200 273 0
 143 166 198 245 0
 77 79 78 250 0
 106 105 151 248 0
 102 54 160 271 0
 124 244 154 273 0
 220 198 210 245 0
 202 170 216 258 0
 110 124 123 244 0
 58 127 253 261 0
 50 151 168 248 0
 16 57 128 192 0
 235 256 226 259 0
 29 214 201 137 0
 135 188 8 134 0
 235 251 224 256 0
 196 176 187 255 0
 11 41 126 191 0
 50 146 23 270 0
 130 158 97 255 0
 117 141 118 240 0
 140 152 252 272 0
 120 100 157 254 0
 18 213 166 245 0
 46 58 21 261 0
 172 181 180 252 0
 208 219 221 251 0
 100 107 87 254 0
 212 199 219 251 0
 43 36 218 131 0
 78 79 111 250 0
 86 107 120 254 0
 187 5 174 255 0
 210 208 209 256 0
 194 196 174 255 0
 164 122 53 258 0
 218 35 43 273 0
 226 235 259 267 0
 199 129 27 215 0
 202 53 170 258 0
 94 136 116 272 0
 118 145 127 253 0
 127 51 58 253 0
 54 143 160 245 0
 23 55 119 270 0
 106 148 104 263 0
 86 85 83 260 0
 129 26 56 199 0
 66 63 65 264 0
 58 59 127 261 0
 179 193 175 243 0
 140 95 112 246 0
 48 4 174 142 0
 131 36 218 204 0
 178 24 1 189 0
 211 204 209 273 0
 156 100 99 243 0
 214 29 138 137 0
 33 216 202 170 0
 140 134 52 252 0
 214 197 207 259 0
 89 82 84 269 0
 106 151 50 248 0
 91 68 92 267 0
 167 24 1 178 0
 5 187 130 255 0
 117 91 141 240 0
 114 103 153 267 0
 216 200 211 258 0
 225 264 238 266 0
 200 211 258 273 0
 173 195 185 262 0
 202 53 33 170 0
 180 9 172 134 0
 213 203 210 245 0
 182 181 172 252 0
 99 98 147 243 0
 197 205 40 31 0
 115 64 61 266 0
 18 2 213 203 0
 177 126 10 180 0
 169 129 56 251 0
 207 197 206 259 0
 37 217 131 49 0
 46 59 58 261 0
 231 269 244 273 0
 135 134 152 252 0
 249 260 222 269 0
 207 206 208 256 0
 53 32 205 202 0
 189 24 161 262 0
 44 27 129 215 0
 93 102 101 249 0
 112 71 70 265 0
 192 128 15 45 0
 18 2 203 162 0
 221 219 199 251 0
 185 184 183 247 0
 132 43 154 273 0
 153 103 40 259 0
 122 123 53 258 0
 140 152 134 252 0
 52 10 126 180 0
 52 9 180 134 0
 133 32 205 53 0
 218 204 200 273 0
 82 83 84 260 0
 186 184 179 243 0
 34 216 170 125 0
 31 205 40 133 0
 150 20 19 271 0
 18 166 54 245 0
 57 146 168 262 0
 67 70 69 265 0
 68 66 67 264 0
 156 99 147 243 0
 183 184 181 247 0
 120 107 100 254 0
 113 152 140 272 0
 198 213 210 245 0
 131 204 217 37 0
 119 22 23 270 0
 175 193 13 147 0
 193 156 13 147 0
 189 17 173 57 0
 54 166 143 245 0
 89 132 154 269 0
 175 186 179 243 0
 93 101 90 249 0
 211 200 204 273 0
 179 192 15 45 0
 163 48 97 255 0
 125 34 216 200 0
 161 17 189 57 0
 22 50 23 270 0
 63 64 65 266 0
 216 211 202 258 0
 5 48 174 255 0
 125 124 154 273 0
 145 51 127 253 0
 125 43 35 273 0
 186 181 184 247 0
 66 65 67 264 0
 202 211 206 258 0
 14 179 156 193 0
 189 185 178 262 0
 150 54 102 271 0
 84 90 132 269 0
 113 116 136 272 0
 209 208 206 256 0
 170 53 123 258 0
 97 48 130 255 0
 5 130 48 255 0
 190 167 3 178 0
 68 114 92 267 0
 40 30 197 31 0
 85 84 83 260 0
 172 9 8 134 0
 138 153 40 259 0
 10 11 126 177 0
 32 53 33 202 0
 211 209 206 256 0
 212 203 25 162 0
 69 70 71 265 0
 24 146 161 262 0
 167 3 142 190 0
 143 38 198 39 0
 173 185 189 262 0
 17 16 173 57 0
 63 61 64 266 0
 106 47 148 263 0
 21 47 149 263 0
 137 201 29 28 0
 34 125 35 200 0
 12 147 41 191 0
 42 6 7 176 0
 162 25 212 56 0
 161 146 57 262 0
 89 84 132 269 0
 14 179 45 156 0
 161 1 24 189 0
 147 12 175 191 0
 204 131 36 37 0
 174 196 187 255 0
 19 54 150 271 0
 28 27 44 215 0
 2 18 213 166 0
 15 14 179 45 0
 136 152 113 272 0
 129 27 26 199 0
 187 6 5 130 0
 47 106 149 263 0
 167 1 3 178 0
 153 92 114 267 0
 15 16 128 192 0
 49 37 217 38 0
 174 5 4 48 0
 203 2 25 162 0
 25 26 212 56 0
 3 4 142 190 0
 29 138 30 214 0
 8 7 188 135 0
 154 43 125 273 0
 11 12 41 191 0
 175 13 12 147 0
 36 218 35 43 0
 32 205 31 133 0
 17 1 161 189 0
 52 9 10 180 0
 166 213 2 39 0
 156 13 14 193 0
 33 216 170 34 0
 148 260 93 104 0
 93 260 148 249 0
 260 254 86 230 0
 260 86 254 107 0
 251 253 144 145 0
 144 253 251 224 0
 260 263 234 230 0
 234 263 260 249 0
 214 235 207 201 0
 207 235 214 259 0
 210 251 203 219 0
 203 251 210 245 0
 250 110 244 111 0
 250 244 110 242 0
 180 126 232 177 0
 180 232 126 52 0
 180 232 181 177 0
 181 232 180 252 0
 176 135 7 42 0
 7 135 176 188 0
 247 194 255 183 0
 247 255 194 233 0
 244 256 257 231 0
 257 256 244 226 0
 241 272 223 229 0
 223 272 241 238 0
 49 198 38 217 0
 38 198 49 143 0
 80 250 81 79 0
 81 250 80 239 0
 57 192 262 128 0
 262 192 57 173 0
 126 191 232 177 0
 232 191 126 41 0
 221 256 207 208 0
 207 256 221 235 0
 137 215 235 201 0
 235 215 137 44 0
 138 267 235 92 0
 235 267 138 259 0
 268 260 234 230 0
 268 234 260 222 0
 273 170 123 258 0
 273 123 170 125 0
 130 176 6 42 0
 6 176 130 187 0
 273 35 200 218 0
 273 200 35 125 0
 166 198 39 143 0
 166 39 198 213 0
 57 189 262 173 0
 57 262 189 161 0
];
msh.PNT =[
 1 0
 2 0
];
