%  Matlab mesh
% untitled3, Created by Gmsh
% ASCII
clear msh;
msh.nbNod = 297;
msh.POS = [
0 -1 1;
0 -1 -1;
0 0 1;
0 0 -1;
3 -1 1;
3 -1 -1;
3 0 1;
3 0 -1;
0 -1 -0.6666666666666667;
0 -1 -0.3333333333333334;
0 -1 0;
0 -1 0.3333333333333333;
0 -1 0.6666666666666667;
0 -0.6666666666666667 1;
0 -0.3333333333333334 1;
0 0 -0.6666666666666667;
0 0 -0.3333333333333334;
0 0 0;
0 0 0.3333333333333333;
0 0 0.6666666666666667;
0 -0.6666666666666667 -1;
0 -0.3333333333333334 -1;
3 -1 -0.6666666666666667;
3 -1 -0.3333333333333334;
3 -1 0;
3 -1 0.3333333333333333;
3 -1 0.6666666666666667;
3 -0.6666666666666667 1;
3 -0.3333333333333334 1;
3 0 -0.6666666666666667;
3 0 -0.3333333333333334;
3 0 0;
3 0 0.3333333333333333;
3 0 0.6666666666666667;
3 -0.6666666666666667 -1;
3 -0.3333333333333334 -1;
0.3333333333333334 -1 -1;
0.6666666666666667 -1 -1;
1 -1 -1;
1.333333333333333 -1 -1;
1.666666666666667 -1 -1;
2 -1 -1;
2.333333333333333 -1 -1;
2.666666666666667 -1 -1;
0.3333333333333334 -1 1;
0.6666666666666667 -1 1;
1 -1 1;
1.333333333333333 -1 1;
1.666666666666667 -1 1;
2 -1 1;
2.333333333333333 -1 1;
2.666666666666667 -1 1;
0.3333333333333334 0 -1;
0.6666666666666667 0 -1;
1 0 -1;
1.333333333333333 0 -1;
1.666666666666667 0 -1;
2 0 -1;
2.333333333333333 0 -1;
2.666666666666667 0 -1;
0.3333333333333334 0 1;
0.6666666666666667 0 1;
1 0 1;
1.333333333333333 0 1;
1.666666666666667 0 1;
2 0 1;
2.333333333333333 0 1;
2.666666666666667 0 1;
0 -0.5 0.6872666358613113;
0 -0.5000000000000002 -0.6872666358613115;
0 -0.7113248654051871 0.1666666666666667;
0 -0.2886751345948129 -0.1666666666666667;
0 -0.7113248654051871 -0.1666666666666669;
0 -0.2886751345948129 0.1666666666666667;
0 -0.2554486784085176 0.4902514599774257;
0 -0.7445513215914825 -0.4902514599774261;
0 -0.7445513215914825 0.4902514599774257;
0 -0.2554486784085176 -0.490251459977426;
0 -0.5 0;
0 -0.5 0.3320934227114849;
0 -0.5000000000000001 -0.333517148191583;
0 -0.7559830641437076 -0.7559830641437076;
0 -0.2440169358562925 0.7559830641437075;
0 -0.2440169358562926 -0.7559830641437075;
0 -0.7559830641437075 0.7559830641437075;
3 -0.7113248654051871 0.1666666666666667;
3 -0.7448341850922502 -0.4984666373645952;
3 -0.5 0.6872666358613113;
3 -0.2886751345948129 -0.1666666666666667;
3 -0.7194902937886001 -0.1666001421874823;
3 -0.2886751345948129 0.1666666666666667;
3 -0.2551658149077498 -0.4984666373645954;
3 -0.7445513215914825 0.4902514599774257;
3 -0.2554486784085176 0.4902514599774257;
3 -0.5 -0.7122587951532772;
3 -0.4999999999999999 -0.3333333333333333;
3 -0.5 4.440892098500626e-16;
3 -0.5 0.3320934227114849;
3 -0.7559830641437074 0.7559830641437075;
3 -0.2440169358562924 0.7559830641437075;
3 -0.7576802451483144 -0.7576802451483144;
3 -0.2423197548516856 -0.7576802451483144;
1.833333333333333 -1 -0.7113248654051875;
1.166666666666667 -1 0.7113248654051871;
1.833333333333333 -1 0.7113248654051874;
1.166666666666667 -1 -0.7113248654051875;
0.3174012676310772 -1 0.1548636925209872;
2.664970611969718 -1 0.1596484995286864;
0.5128917115316053 -1 -0.7187678985282743;
2.714049204609446 -1 -0.5110102858105989;
2.475251549430487 -1 0.6973838197128708;
0.5247484505695132 -1 0.6973838197128706;
1.5 -1 -0.7113248654051875;
1.666666666666667 -1 -0.4226497308103747;
2 -1 -0.4226497308103748;
1.833333333333333 -1 -0.1339745962155621;
1.5 -1 -0.1339745962155618;
2.156997883017964 -1 -0.128392321373247;
1.998388536058549 -1 0.1497450894009544;
2.382097126083071 -1 -0.3944695814957986;
2.312732921586594 -1 0.1561492112351497;
2.166666666666668 -1 0.443375672974063;
1.666398089343091 -1 0.1479888020975191;
1.33328857044607 -1 0.1476960875469466;
1.166659206185456 -1 -0.1351420046876133;
0.9999912961052539 -1 0.1474527337098421;
0.8333306392706741 -1 -0.1353771317391397;
1.5 -1 0.4433756729740632;
0.6727783337735753 -1 0.1482232742153833;
0.8333333333333323 -1 0.4433756729740621;
0.5078002057279891 -1 -0.1407093822150313;
2.700517373461669 -1 -0.1966076080454527;
0.8354819519219345 -1 -0.712565370925702;
2.166666666666668 -1 -0.7113248654051879;
1.333332089919798 -1 -0.4228442988890502;
1.000356203438533 -1 -0.4233172337428447;
0.670532340870679 -1 -0.4255644579935612;
0.308361741097024 -1 -0.4582416385067488;
2.721917394143337 -1 0.4911910680774536;
0.2748750848303779 -1 0.4978570673664704;
2.497567330590662 -1 -0.7265020481712048;
0.8382830234472358 -1 0.7704168716184239;
2.161716976552764 -1 0.7704168716184243;
1.166655973310265 -1 0.3786450065220202;
1.832957325080329 -1 0.3791620205703574;
1.5 -1 0.7732050807568875;
0.5246272940275752 -1 0.3883407053579546;
2.468307828759361 -1 0.3895496543056447;
0.2250367330796512 -1 -0.1609612919932781;
2.443041501762082 -1 -0.08637624206771499;
2.755983064143707 -1 0.7559830641437066;
2.755983064143708 -1 -0.7559830641437076;
0.2440169358562924 -1 -0.7559830641437075;
0.2440169358562926 -1 0.7559830641437075;
1.833333333333333 0 -0.7113248654051875;
1.166666666666667 0 0.7113248654051871;
1.833333333333333 0 0.7113248654051874;
1.166666666666667 0 -0.7113248654051875;
0.3174012676310772 0 0.1548636925209872;
2.664970611969718 0 0.1596484995286864;
2.714049204609446 0 -0.5110102858105989;
0.5128917115316053 0 -0.7187678985282743;
2.475251549430487 0 0.6973838197128708;
0.5247484505695132 0 0.6973838197128706;
1.5 0 -0.7113248654051875;
1.666666666666667 0 -0.4226497308103747;
2 0 -0.4226497308103748;
1.833333333333333 0 -0.1339745962155621;
1.5 0 -0.1339745962155618;
2.156997883017964 0 -0.1283923213732472;
1.998388536058549 0 0.1497450894009544;
2.382097126083071 0 -0.3944695814957988;
2.312732921586594 0 0.1561492112351495;
2.166666666666668 0 0.443375672974063;
1.666398089343091 0 0.1479888020975191;
1.33328857044607 0 0.1476960875469466;
1.166659206185456 0 -0.1351420046876133;
0.9999912961052539 0 0.1474527337098421;
0.8333306392706741 0 -0.1353771317391397;
1.5 0 0.4433756729740632;
0.6727783337735753 0 0.1482232742153833;
0.8333333333333323 0 0.4433756729740621;
0.5078002057279891 0 -0.1407093822150313;
2.700517373461669 0 -0.1966076080454529;
0.8354819519219345 0 -0.712565370925702;
2.166666666666667 0 -0.7113248654051881;
1.333332089919798 0 -0.4228442988890502;
1.000356203438533 0 -0.4233172337428447;
0.670532340870679 0 -0.4255644579935612;
0.308361741097024 0 -0.4582416385067488;
2.721917394143337 0 0.4911910680774536;
2.497567330590662 0 -0.7265020481712049;
0.2748750848303779 0 0.4978570673664704;
0.8382830234472358 0 0.7704168716184239;
2.161716976552764 0 0.7704168716184243;
1.166655973310265 0 0.3786450065220202;
1.832957325080329 0 0.3791620205703574;
1.5 0 0.7732050807568875;
0.5246272940275752 0 0.3883407053579546;
2.468307828759361 0 0.3895496543056447;
0.2250367330796512 0 -0.1609612919932781;
2.443041501762082 0 -0.08637624206771521;
2.755983064143707 0 0.7559830641437066;
2.755983064143708 0 -0.7559830641437078;
0.2440169358562924 0 -0.7559830641437075;
0.2440169358562926 0 0.7559830641437075;
1.833333333333333 -0.7113248654051874 -1;
2.498466637364595 -0.7448341850922504 -1;
0.5015333626354046 -0.2551658149077498 -1;
1.166666666666667 -0.2886751345948129 -1;
0.8333333333333334 -0.7113248654051871 -1;
2.166666666666667 -0.2886751345948126 -1;
1.833333333333333 -0.2886751345948126 -1;
0.8333998578125175 -0.2805097062114001 -1;
1.166666666666667 -0.7113248654051871 -1;
1.5 -0.7113248654051866 -1;
0.5015333626354046 -0.7448341850922502 -1;
2.166600142187482 -0.7194902937886001 -1;
1.5 -0.288675134594812 -1;
2.498466637364595 -0.2551658149077498 -1;
2.712258795153277 -0.5000000000000001 -1;
0.2877412048467228 -0.5 -1;
1 -0.4999999999999999 -1;
2 -0.4999999999999999 -1;
1.666666666666666 -0.4999999999999997 -1;
0.6666666666666664 -0.4999999999999999 -1;
2.333333333333333 -0.5000000000000007 -1;
1.333333333333333 -0.4999999999999998 -1;
2.757680245148315 -0.2423197548516854 -1;
0.2423197548516855 -0.7576802451483144 -1;
0.2423197548516856 -0.2423197548516854 -1;
2.757680245148316 -0.7576802451483147 -1;
2.166666666666667 -0.7113248654051874 1;
0.5015333626354046 -0.2551658149077498 1;
1.166666666666667 -0.2886751345948129 1;
2.687266635861312 -0.5000000000000001 1;
1.833333333333333 -0.2886751345948126 1;
1.5 -0.7113248654051871 1;
0.8333333333333334 -0.7113248654051871 1;
1.833333333333334 -0.7113248654051874 1;
1.5 -0.2886751345948122 1;
2.166666666666667 -0.2886751345948125 1;
0.8333998578125175 -0.2805097062114001 1;
1.166666666666667 -0.7113248654051871 1;
0.5015333626354046 -0.7448341850922502 1;
2.490251459977426 -0.2554486784085175 1;
2.490251459977427 -0.7445513215914825 1;
0.2877412048467228 -0.5 1;
2 -0.5000000000000001 1;
1 -0.4999999999999999 1;
1.666666666666667 -0.5 1;
1.333333333333334 -0.4999999999999999 1;
0.6666666666666664 -0.4999999999999999 1;
2.333517148191583 -0.5 1;
2.755983064143708 -0.2440169358562922 1;
2.755983064143709 -0.7559830641437076 1;
0.2423197548516855 -0.7576802451483144 1;
0.2423197548516856 -0.2423197548516854 1;
1.000062509560521 -0.5 -0.2310742431247196;
1.666666666666666 -0.5 -0.2301996410804998;
2.482895171024191 -0.5 0.2112762836341065;
0.5159114150863613 -0.5 0.2172001846966052;
1.713763850938576 -0.5 0.2894511788330748;
1.048121586139109 -0.5 0.2884257479427066;
2.196624758106202 -0.5 -0.3231230141808229;
0.51498929455369 -0.5 -0.4283182511895322;
1.33377457679394 -0.4442706639137304 -0.5431221009146163;
2.166758574095792 -0.5398670197156575 0.5599098821069415;
1.833333333333333 -0.4600604951803074 -0.61509982054025;
2.586413016475108 -0.5673126606292551 -0.5422572739317506;
1.333061864573167 -0.3925400478857018 9.287591679230101e-05;
0.9202147471043373 -0.387586993851172 -0.6155306329062412;
1.380512599290024 -0.4088815815196903 0.5681435796044718;
2.081272324125897 -0.4164870879364038 0.08254493710899546;
2.623333333436259 -0.3867239216948627 0.5775880313620153;
0.3741419967192913 -0.6150187644767285 0.5797511957196331;
0.7890863030087159 -0.5748360374163808 0.6075949733140038;
2.633302783401266 -0.4540529435326646 -0.1590493964065491;
1.330738304801044 -0.6711557826218444 -0.24744858739935;
1.810931189456108 -0.4423924813427241 0.652726982510407;
0.6699749113269959 -0.6521797914191161 -0.1019929328575919;
0.8249101631847365 -0.3246908515802265 0.0471021193248384;
0.3480166185363557 -0.4116777900873154 -0.105319854816374;
1.380993891701256 -0.652071385624742 0.255720213337286;
1.086767605191909 -0.6916847734312254 -0.5654407689679347;
1.578120589239145 -0.6930510993505857 -0.5639777189017847;
2.337926492814227 -0.3249921287426972 -0.6796002361310253;
0.71242638701612 -0.6701173122321316 -0.6690249636224659;
1.851270601666698 -0.6783081292582758 0.01502894179515929;
2.286760108344655 -0.6885902755723265 -0.01711361710662503;
2.147621117381319 -0.6274414571991427 -0.6543153675977258;
1.119517763493105 -0.6990127075054644 0.01984789513368482;
0.5605039992609713 -0.3242450432990853 0.5176338871563562;
0.3710714540908041 -0.3147841568746738 -0.6840351998792713;
0.3686992843548174 -0.6861358133862786 -0.6875006053950166;
0.9989744827007534 -0.3278058394204925 0.7076913196311804;
1.186850227509798 -0.6940902677860026 0.5389898708952929;
];
msh.MAX = max(msh.POS);
msh.MIN = min(msh.POS);
msh.LINES =[
 2 9 0
 9 10 0
 10 11 0
 11 12 0
 12 13 0
 13 1 0
 1 14 0
 14 15 0
 15 3 0
 4 16 0
 16 17 0
 17 18 0
 18 19 0
 19 20 0
 20 3 0
 2 21 0
 21 22 0
 22 4 0
 6 23 0
 23 24 0
 24 25 0
 25 26 0
 26 27 0
 27 5 0
 5 28 0
 28 29 0
 29 7 0
 8 30 0
 30 31 0
 31 32 0
 32 33 0
 33 34 0
 34 7 0
 6 35 0
 35 36 0
 36 8 0
 2 37 0
 37 38 0
 38 39 0
 39 40 0
 40 41 0
 41 42 0
 42 43 0
 43 44 0
 44 6 0
 1 45 0
 45 46 0
 46 47 0
 47 48 0
 48 49 0
 49 50 0
 50 51 0
 51 52 0
 52 5 0
 4 53 0
 53 54 0
 54 55 0
 55 56 0
 56 57 0
 57 58 0
 58 59 0
 59 60 0
 60 8 0
 3 61 0
 61 62 0
 62 63 0
 63 64 0
 64 65 0
 65 66 0
 66 67 0
 67 68 0
 68 7 0
];
msh.TRIANGLES =[
 13 1 85 0
 1 14 85 0
 2 9 82 0
 21 2 82 0
 15 3 83 0
 3 20 83 0
 16 4 84 0
 4 22 84 0
 9 10 76 0
 9 76 82 0
 10 11 73 0
 10 73 76 0
 11 12 71 0
 11 71 73 0
 12 13 77 0
 71 12 77 0
 77 13 85 0
 14 15 69 0
 14 69 85 0
 69 15 83 0
 17 16 78 0
 78 16 84 0
 18 17 72 0
 72 17 78 0
 19 18 74 0
 18 72 74 0
 20 19 75 0
 19 74 75 0
 20 75 83 0
 22 21 70 0
 70 21 82 0
 22 70 84 0
 69 75 80 0
 75 69 83 0
 77 69 80 0
 69 77 85 0
 70 76 81 0
 76 70 82 0
 78 70 81 0
 70 78 84 0
 73 71 79 0
 71 77 80 0
 79 71 80 0
 74 72 79 0
 72 78 81 0
 79 72 81 0
 76 73 81 0
 73 79 81 0
 75 74 80 0
 74 79 80 0
 27 99 5 0
 5 99 28 0
 6 101 23 0
 35 101 6 0
 29 100 7 0
 7 100 34 0
 30 102 8 0
 8 102 36 0
 23 87 24 0
 23 101 87 0
 24 90 25 0
 87 90 24 0
 25 86 26 0
 25 90 86 0
 26 93 27 0
 86 93 26 0
 93 99 27 0
 28 88 29 0
 28 99 88 0
 88 100 29 0
 31 92 30 0
 92 102 30 0
 32 89 31 0
 89 92 31 0
 33 91 32 0
 32 91 89 0
 34 94 33 0
 33 94 91 0
 34 100 94 0
 36 95 35 0
 95 101 35 0
 36 102 95 0
 90 97 86 0
 86 98 93 0
 97 98 86 0
 87 96 90 0
 95 96 87 0
 87 101 95 0
 93 98 88 0
 88 99 93 0
 88 98 94 0
 94 100 88 0
 91 97 89 0
 89 96 92 0
 89 97 96 0
 96 97 90 0
 94 98 91 0
 91 98 97 0
 92 96 95 0
 95 102 92 0
 1 13 154 0
 45 1 154 0
 9 2 153 0
 2 37 153 0
 27 5 151 0
 5 52 151 0
 6 23 152 0
 44 6 152 0
 10 9 138 0
 138 9 153 0
 11 10 149 0
 10 138 149 0
 12 11 107 0
 107 11 149 0
 13 12 140 0
 12 107 140 0
 13 140 154 0
 23 24 110 0
 23 110 152 0
 24 25 132 0
 110 24 132 0
 25 26 108 0
 25 108 132 0
 26 27 139 0
 108 26 139 0
 139 27 151 0
 37 38 109 0
 37 109 153 0
 38 39 133 0
 109 38 133 0
 39 40 106 0
 39 106 133 0
 40 41 113 0
 106 40 113 0
 41 42 103 0
 41 103 113 0
 42 43 134 0
 103 42 134 0
 43 44 141 0
 134 43 141 0
 141 44 152 0
 46 45 112 0
 112 45 154 0
 47 46 142 0
 46 112 142 0
 48 47 104 0
 104 47 142 0
 49 48 146 0
 48 104 146 0
 50 49 105 0
 105 49 146 0
 51 50 143 0
 50 105 143 0
 52 51 111 0
 111 51 143 0
 52 111 151 0
 113 103 114 0
 114 103 115 0
 115 103 134 0
 128 104 144 0
 104 128 146 0
 130 104 142 0
 104 130 144 0
 105 122 143 0
 122 105 145 0
 105 128 145 0
 128 105 146 0
 106 113 135 0
 133 106 136 0
 106 135 136 0
 129 107 131 0
 107 129 147 0
 131 107 149 0
 140 107 147 0
 121 108 148 0
 108 121 150 0
 132 108 150 0
 108 139 148 0
 109 133 137 0
 109 137 138 0
 109 138 153 0
 120 110 132 0
 110 120 141 0
 110 141 152 0
 122 111 143 0
 111 122 148 0
 139 111 148 0
 111 139 151 0
 112 130 142 0
 130 112 147 0
 112 140 147 0
 140 112 154 0
 113 114 135 0
 114 115 116 0
 114 116 117 0
 114 117 135 0
 116 115 118 0
 118 115 120 0
 120 115 134 0
 117 116 123 0
 116 118 119 0
 116 119 123 0
 117 123 124 0
 117 124 125 0
 117 125 135 0
 119 118 121 0
 118 120 150 0
 121 118 150 0
 119 121 122 0
 119 122 145 0
 123 119 145 0
 120 132 150 0
 120 134 141 0
 122 121 148 0
 124 123 128 0
 128 123 145 0
 125 124 126 0
 126 124 144 0
 124 128 144 0
 125 126 127 0
 125 127 136 0
 135 125 136 0
 127 126 129 0
 129 126 130 0
 130 126 144 0
 127 129 131 0
 127 131 137 0
 136 127 137 0
 129 130 147 0
 137 131 138 0
 138 131 149 0
 133 136 137 0
 3 206 20 0
 61 206 3 0
 16 205 4 0
 4 205 53 0
 34 203 7 0
 7 203 68 0
 8 204 30 0
 60 204 8 0
 17 190 16 0
 190 205 16 0
 18 201 17 0
 17 201 190 0
 19 159 18 0
 159 201 18 0
 20 193 19 0
 19 193 159 0
 20 206 193 0
 30 161 31 0
 30 204 161 0
 31 184 32 0
 161 184 31 0
 32 160 33 0
 32 184 160 0
 33 191 34 0
 160 191 33 0
 191 203 34 0
 53 162 54 0
 53 205 162 0
 54 185 55 0
 162 185 54 0
 55 158 56 0
 55 185 158 0
 56 165 57 0
 158 165 56 0
 57 155 58 0
 57 165 155 0
 58 186 59 0
 155 186 58 0
 59 192 60 0
 186 192 59 0
 192 204 60 0
 62 164 61 0
 164 206 61 0
 63 194 62 0
 62 194 164 0
 64 156 63 0
 156 194 63 0
 65 198 64 0
 64 198 156 0
 66 157 65 0
 157 198 65 0
 67 195 66 0
 66 195 157 0
 68 163 67 0
 163 195 67 0
 68 203 163 0
 165 166 155 0
 166 167 155 0
 167 186 155 0
 180 196 156 0
 156 198 180 0
 182 194 156 0
 156 196 182 0
 157 195 174 0
 174 197 157 0
 157 197 180 0
 180 198 157 0
 158 187 165 0
 185 188 158 0
 158 188 187 0
 181 183 159 0
 159 199 181 0
 183 201 159 0
 193 199 159 0
 173 200 160 0
 160 202 173 0
 184 202 160 0
 160 200 191 0
 172 184 161 0
 161 192 172 0
 161 204 192 0
 162 189 185 0
 162 190 189 0
 162 205 190 0
 174 195 163 0
 163 200 174 0
 191 200 163 0
 163 203 191 0
 164 194 182 0
 182 199 164 0
 164 199 193 0
 193 206 164 0
 165 187 166 0
 166 168 167 0
 166 169 168 0
 166 187 169 0
 168 170 167 0
 170 172 167 0
 172 186 167 0
 169 175 168 0
 168 171 170 0
 168 175 171 0
 169 176 175 0
 169 177 176 0
 169 187 177 0
 171 173 170 0
 170 202 172 0
 173 202 170 0
 171 174 173 0
 171 197 174 0
 175 197 171 0
 172 202 184 0
 172 192 186 0
 174 200 173 0
 176 180 175 0
 180 197 175 0
 177 178 176 0
 178 196 176 0
 176 196 180 0
 177 179 178 0
 177 188 179 0
 187 188 177 0
 179 181 178 0
 181 182 178 0
 182 196 178 0
 179 183 181 0
 179 189 183 0
 188 189 179 0
 181 199 182 0
 189 190 183 0
 190 201 183 0
 185 189 188 0
 2 21 230 0
 37 2 230 0
 22 4 231 0
 4 53 231 0
 35 6 232 0
 6 44 232 0
 8 36 229 0
 60 8 229 0
 21 22 222 0
 21 222 230 0
 222 22 231 0
 36 35 221 0
 221 35 232 0
 36 221 229 0
 38 37 217 0
 217 37 230 0
 39 38 211 0
 211 38 217 0
 40 39 215 0
 39 211 215 0
 41 40 216 0
 40 215 216 0
 42 41 207 0
 207 41 216 0
 43 42 218 0
 42 207 218 0
 44 43 208 0
 208 43 218 0
 44 208 232 0
 53 54 209 0
 53 209 231 0
 54 55 214 0
 209 54 214 0
 55 56 210 0
 55 210 214 0
 56 57 219 0
 210 56 219 0
 57 58 213 0
 57 213 219 0
 58 59 212 0
 58 212 213 0
 59 60 220 0
 212 59 220 0
 220 60 229 0
 207 216 225 0
 218 207 224 0
 224 207 225 0
 208 218 227 0
 221 208 227 0
 208 221 232 0
 209 214 226 0
 222 209 226 0
 209 222 231 0
 214 210 223 0
 210 219 228 0
 223 210 228 0
 215 211 223 0
 211 217 226 0
 223 211 226 0
 213 212 224 0
 212 220 227 0
 224 212 227 0
 219 213 225 0
 213 224 225 0
 214 223 226 0
 216 215 228 0
 215 223 228 0
 225 216 228 0
 217 222 226 0
 222 217 230 0
 218 224 227 0
 219 225 228 0
 220 221 227 0
 221 220 229 0
 1 257 14 0
 45 257 1 0
 15 258 3 0
 3 258 61 0
 28 256 5 0
 5 256 52 0
 7 255 29 0
 68 255 7 0
 14 248 15 0
 14 257 248 0
 248 258 15 0
 29 236 28 0
 236 256 28 0
 29 255 236 0
 46 245 45 0
 245 257 45 0
 47 239 46 0
 239 245 46 0
 48 244 47 0
 47 244 239 0
 49 238 48 0
 238 244 48 0
 50 240 49 0
 49 240 238 0
 51 233 50 0
 233 240 50 0
 52 247 51 0
 51 247 233 0
 52 256 247 0
 61 234 62 0
 61 258 234 0
 62 243 63 0
 234 243 62 0
 63 235 64 0
 63 243 235 0
 64 241 65 0
 235 241 64 0
 65 237 66 0
 65 241 237 0
 66 242 67 0
 237 242 66 0
 67 246 68 0
 242 246 67 0
 246 255 68 0
 233 249 240 0
 247 254 233 0
 233 254 249 0
 234 253 243 0
 248 253 234 0
 234 258 248 0
 235 252 241 0
 243 250 235 0
 250 252 235 0
 246 254 236 0
 236 255 246 0
 236 254 247 0
 247 256 236 0
 241 251 237 0
 237 249 242 0
 237 251 249 0
 240 251 238 0
 238 252 244 0
 251 252 238 0
 244 250 239 0
 239 253 245 0
 250 253 239 0
 249 251 240 0
 241 252 251 0
 242 254 246 0
 249 254 242 0
 243 253 250 0
 244 252 250 0
 245 253 248 0
 248 257 245 0
];
msh.TETS =[
 146 273 238 280 0
 175 260 168 274 0
 261 268 148 275 0
 119 145 268 289 0
 93 86 139 261 0
 197 274 268 280 0
 175 263 260 274 0
 139 261 148 275 0
 74 193 75 262 0
 197 263 274 280 0
 119 274 268 290 0
 263 268 145 289 0
 119 268 274 289 0
 93 261 139 275 0
 189 259 179 282 0
 75 262 193 293 0
 260 265 168 274 0
 256 151 247 275 0
 169 267 260 271 0
 177 259 267 271 0
 111 148 268 275 0
 268 274 263 280 0
 169 187 267 271 0
 177 267 187 271 0
 260 263 175 271 0
 189 266 259 282 0
 146 128 273 280 0
 149 266 73 283 0
 168 260 167 265 0
 139 148 111 275 0
 262 264 129 281 0
 159 193 74 262 0
 260 265 115 269 0
 129 264 126 292 0
 108 139 86 261 0
 93 98 86 261 0
 169 260 175 271 0
 260 269 115 286 0
 74 75 80 262 0
 129 281 264 292 0
 259 266 189 272 0
 219 165 267 269 0
 165 166 267 269 0
 260 267 166 269 0
 242 163 246 268 0
 167 265 260 269 0
 159 193 262 293 0
 242 246 254 268 0
 202 261 274 278 0
 202 274 265 278 0
 119 289 274 290 0
 247 111 268 275 0
 169 168 175 260 0
 145 268 263 280 0
 115 265 260 289 0
 256 99 151 275 0
 111 247 151 275 0
 263 273 128 280 0
 279 284 117 289 0
 71 262 107 283 0
 168 265 170 274 0
 263 274 268 289 0
 75 80 262 293 0
 86 90 108 278 0
 149 107 131 283 0
 242 195 163 268 0
 149 131 266 283 0
 260 284 279 289 0
 174 268 197 274 0
 145 263 128 280 0
 93 98 261 275 0
 188 259 189 272 0
 264 271 196 273 0
 143 240 233 268 0
 114 260 115 286 0
 176 196 271 273 0
 179 189 188 259 0
 106 215 285 286 0
 183 189 179 282 0
 106 113 215 286 0
 113 216 215 286 0
 76 81 73 266 0
 129 262 130 264 0
 151 139 111 275 0
 119 268 122 290 0
 130 264 262 277 0
 86 108 261 278 0
 115 260 116 289 0
 246 268 163 275 0
 167 260 166 269 0
 254 247 268 275 0
 262 281 107 283 0
 183 266 189 282 0
 254 268 246 275 0
 259 137 281 288 0
 136 259 137 281 0
 258 83 206 293 0
 150 278 120 290 0
 185 162 214 272 0
 197 268 174 280 0
 202 170 265 274 0
 188 267 259 272 0
 229 102 204 270 0
 116 115 114 260 0
 168 166 167 260 0
 139 108 148 261 0
 107 281 131 283 0
 238 273 146 297 0
 214 272 162 294 0
 108 278 150 290 0
 258 276 83 293 0
 131 281 266 283 0
 260 279 117 289 0
 214 162 209 294 0
 128 273 263 284 0
 119 145 122 268 0
 195 268 242 280 0
 83 75 193 293 0
 183 266 282 283 0
 202 261 173 274 0
 168 167 170 265 0
 213 165 219 269 0
 155 165 213 269 0
 213 212 155 269 0
 102 92 161 270 0
 146 238 105 280 0
 191 91 94 275 0
 204 102 161 270 0
 238 240 105 280 0
 83 276 75 293 0
 204 229 270 287 0
 108 90 132 278 0
 219 267 225 269 0
 115 269 265 291 0
 171 175 168 274 0
 107 262 71 276 0
 108 261 278 290 0
 150 132 120 278 0
 247 236 256 275 0
 123 117 284 289 0
 77 140 71 276 0
 261 268 174 274 0
 127 259 136 281 0
 75 276 80 293 0
 160 261 91 275 0
 263 180 271 273 0
 83 193 206 293 0
 120 278 270 290 0
 158 219 165 267 0
 219 158 210 267 0
 148 261 122 268 0
 105 128 146 280 0
 73 266 81 283 0
 161 270 92 278 0
 148 121 122 261 0
 200 174 173 261 0
 176 271 180 273 0
 108 132 150 278 0
 145 105 268 280 0
 79 71 73 283 0
 138 149 131 266 0
 271 279 260 284 0
 128 146 273 297 0
 130 262 147 277 0
 126 129 130 264 0
 225 269 267 286 0
 238 273 251 280 0
 204 270 161 287 0
 171 263 175 274 0
 145 128 105 280 0
 147 130 129 262 0
 80 276 262 293 0
 266 281 259 282 0
 191 160 91 275 0
 86 261 97 278 0
 173 261 174 274 0
 86 97 90 278 0
 189 162 272 294 0
 165 155 166 269 0
 237 195 242 280 0
 107 71 140 276 0
 160 91 261 278 0
 115 269 103 286 0
 260 274 263 289 0
 78 266 190 283 0
 127 136 137 281 0
 132 270 120 278 0
 202 265 172 278 0
 186 155 212 269 0
 268 274 261 290 0
 262 276 147 277 0
 238 251 240 280 0
 263 273 271 284 0
 172 278 265 287 0
 87 132 90 270 0
 195 174 268 280 0
 197 175 171 263 0
 118 265 115 289 0
 249 233 240 268 0
 270 278 265 290 0
 274 278 261 290 0
 190 266 78 294 0
 204 161 192 287 0
 263 271 260 284 0
 158 267 188 272 0
 120 270 265 290 0
 169 177 187 271 0
 185 189 162 272 0
 76 266 138 295 0
 204 220 229 287 0
 263 284 260 289 0
 143 105 240 268 0
 265 278 270 287 0
 265 278 274 290 0
 234 248 258 293 0
 234 258 206 293 0
 98 91 261 275 0
 132 90 270 278 0
 247 233 254 268 0
 93 99 88 275 0
 264 281 262 282 0
 197 263 171 274 0
 147 262 107 276 0
 136 127 125 259 0
 188 177 179 259 0
 168 169 166 260 0
 114 117 116 260 0
 103 269 115 291 0
 240 249 268 280 0
 71 262 80 276 0
 281 282 266 283 0
 159 199 193 293 0
 158 187 188 267 0
 105 240 268 280 0
 165 166 187 267 0
 177 259 271 282 0
 265 269 167 287 0
 83 69 75 276 0
 228 267 223 285 0
 189 272 266 294 0
 192 220 204 287 0
 225 267 228 286 0
 74 159 262 283 0
 256 236 99 275 0
 259 281 266 288 0
 210 267 158 272 0
 264 293 277 296 0
 267 272 223 285 0
 262 264 282 293 0
 223 267 210 272 0
 127 125 259 292 0
 202 160 261 278 0
 81 266 78 283 0
 142 239 244 297 0
 79 262 71 283 0
 223 228 210 267 0
 118 115 116 289 0
 160 89 91 278 0
 200 261 160 275 0
 228 225 219 267 0
 174 197 171 274 0
 236 88 99 275 0
 181 282 262 283 0
 248 276 258 293 0
 182 282 264 293 0
 91 97 261 278 0
 195 174 163 268 0
 178 271 264 282 0
 212 186 269 287 0
 117 260 114 279 0
 121 119 122 290 0
 118 265 289 290 0
 172 202 170 265 0
 200 163 174 275 0
 136 259 125 279 0
 229 221 102 270 0
 241 273 198 280 0
 159 262 199 293 0
 267 271 259 279 0
 177 271 178 282 0
 74 262 79 283 0
 260 271 267 279 0
 181 262 159 283 0
 142 277 239 297 0
 258 248 83 276 0
 184 161 92 278 0
 91 97 98 261 0
 98 97 86 261 0
 80 71 79 262 0
 80 79 74 262 0
 163 268 174 275 0
 237 241 198 280 0
 262 277 264 293 0
 271 273 264 284 0
 177 179 259 282 0
 207 269 103 291 0
 207 103 269 286 0
 132 87 110 270 0
 147 107 140 276 0
 260 114 279 286 0
 170 202 173 274 0
 98 94 91 275 0
 116 260 117 289 0
 128 273 284 297 0
 89 184 92 278 0
 173 202 160 261 0
 77 71 80 276 0
 136 259 279 285 0
 200 160 191 275 0
 180 263 197 280 0
 172 161 184 278 0
 186 167 269 287 0
 69 83 248 276 0
 265 274 260 289 0
 225 228 216 286 0
 226 288 272 294 0
 266 272 259 288 0
 182 293 264 296 0
 215 228 223 285 0
 224 212 269 291 0
 198 241 235 273 0
 196 264 273 296 0
 181 183 282 283 0
 87 90 96 270 0
 141 270 208 291 0
 107 262 129 281 0
 78 266 81 294 0
 81 266 76 295 0
 254 236 247 275 0
 221 95 102 270 0
 238 146 244 297 0
 252 273 238 297 0
 89 160 184 278 0
 281 282 264 292 0
 207 113 103 286 0
 207 216 113 286 0
 107 147 129 262 0
 159 181 199 262 0
 70 294 81 295 0
 106 285 135 286 0
 158 214 210 272 0
 180 273 263 280 0
 158 185 214 272 0
 125 279 259 292 0
 215 211 133 285 0
 113 106 135 286 0
 215 133 106 285 0
 81 294 266 295 0
 272 285 259 288 0
 194 243 293 296 0
 183 190 266 283 0
 249 242 268 280 0
 90 96 270 278 0
 252 251 238 273 0
 213 219 225 269 0
 213 224 212 269 0
 200 173 160 261 0
 121 148 108 261 0
 102 95 92 270 0
 106 113 40 215 0
 113 40 215 216 0
 219 56 158 165 0
 57 165 219 213 0
 155 165 57 213 0
 216 207 113 41 0
 210 219 56 158 0
 41 207 113 103 0
 198 273 180 280 0
 212 155 58 213 0
 212 287 269 291 0
 183 181 159 283 0
 219 210 228 267 0
 157 195 237 280 0
 155 186 167 269 0
 266 281 137 288 0
 244 252 238 297 0
 72 81 78 283 0
 106 39 133 215 0
 211 133 39 215 0
 272 288 266 294 0
 123 117 124 284 0
 206 164 234 293 0
 253 234 243 293 0
 158 210 214 55 0
 42 218 207 103 0
 185 158 214 55 0
 267 269 260 286 0
 176 180 196 273 0
 262 282 181 293 0
 199 262 181 293 0
 189 183 190 266 0
 138 131 137 266 0
 195 157 174 280 0
 114 115 103 286 0
 207 103 218 291 0
 152 232 208 270 0
 158 165 187 267 0
 137 266 131 281 0
 111 148 122 268 0
 92 270 96 278 0
 141 152 208 270 0
 74 72 201 283 0
 155 167 166 269 0
 144 126 130 264 0
 196 182 178 264 0
 178 264 182 282 0
 122 145 105 268 0
 126 264 144 292 0
 112 245 239 277 0
 142 112 239 277 0
 182 264 196 296 0
 120 270 141 291 0
 120 265 270 291 0
 169 175 176 271 0
 177 176 178 271 0
 91 160 32 89 0
 271 282 259 292 0
 152 101 232 270 0
 123 263 145 289 0
 123 284 263 289 0
 108 121 261 290 0
 259 281 127 292 0
 104 142 244 297 0
 251 273 241 280 0
 172 265 167 287 0
 180 175 197 263 0
 128 145 123 263 0
 74 201 159 283 0
 81 76 70 295 0
 184 202 172 278 0
 264 282 271 292 0
 269 287 265 291 0
 108 86 25 90 0
 70 78 81 294 0
 208 270 227 291 0
 209 214 54 162 0
 172 170 167 265 0
 118 120 115 265 0
 54 214 185 162 0
 112 147 276 277 0
 208 218 134 291 0
 157 197 174 280 0
 118 120 265 290 0
 237 198 157 280 0
 249 237 242 280 0
 128 263 123 284 0
 207 269 225 286 0
 155 212 58 186 0
 115 265 120 291 0
 264 284 144 292 0
 75 74 19 193 0
 140 12 77 71 0
 181 282 182 293 0
 132 110 120 270 0
 135 285 279 286 0
 171 168 170 274 0
 138 266 137 295 0
 42 134 218 103 0
 189 266 190 294 0
 202 184 160 278 0
 241 251 252 273 0
 223 211 285 288 0
 110 87 101 270 0
 107 129 131 281 0
 208 134 141 291 0
 134 218 103 291 0
 112 276 245 277 0
 156 198 235 273 0
 223 285 272 288 0
 211 133 285 288 0
 91 33 191 94 0
 86 26 93 139 0
 237 198 241 65 0
 238 146 48 244 0
 198 64 235 241 0
 207 225 216 286 0
 89 92 96 278 0
 101 221 232 270 0
 91 89 97 278 0
 144 264 130 297 0
 252 296 273 297 0
 195 237 242 66 0
 50 240 233 143 0
 143 122 105 268 0
 244 142 47 239 0
 215 223 211 285 0
 183 201 190 283 0
 152 110 101 270 0
 266 288 137 295 0
 253 277 276 293 0
 157 198 180 280 0
 89 160 32 184 0
 104 244 146 297 0
 250 277 296 297 0
 125 117 279 292 0
 25 108 90 132 0
 264 277 130 297 0
 253 245 276 277 0
 159 19 74 193 0
 12 140 107 71 0
 143 111 122 268 0
 134 218 208 43 0
 125 124 117 292 0
 157 180 197 280 0
 62 194 243 234 0
 173 174 171 274 0
 72 201 18 74 0
 73 11 149 71 0
 279 285 267 286 0
 264 144 284 297 0
 259 282 281 292 0
 236 254 246 275 0
 252 235 241 273 0
 93 88 98 275 0
 73 149 10 76 0
 17 201 72 78 0
 135 279 114 286 0
 221 101 95 270 0
 242 254 249 268 0
 141 134 208 43 0
 51 143 233 247 0
 203 255 246 275 0
 75 69 80 276 0
 136 279 135 285 0
 74 201 18 159 0
 107 149 11 71 0
 117 114 135 279 0
 160 33 191 91 0
 26 86 108 139 0
 259 272 267 285 0
 221 227 208 270 0
 279 284 271 292 0
 270 287 227 291 0
 108 150 121 290 0
 136 285 133 288 0
 120 141 134 291 0
 177 178 179 282 0
 208 232 221 270 0
 274 289 265 290 0
 207 224 269 291 0
 136 125 135 279 0
 92 89 31 184 0
 172 192 161 287 0
 24 90 87 132 0
 185 188 189 272 0
 112 130 147 277 0
 262 282 281 283 0
 236 255 100 275 0
 123 116 117 289 0
 257 245 154 276 0
 253 239 245 277 0
 142 130 277 297 0
 251 241 237 280 0
 249 254 233 268 0
 158 188 185 272 0
 235 273 252 296 0
 199 181 182 293 0
 226 288 294 295 0
 221 227 270 287 0
 88 236 100 275 0
 109 137 288 295 0
 137 136 133 288 0
 149 138 10 76 0
 201 17 190 78 0
 253 245 248 276 0
 171 170 173 274 0
 118 289 119 290 0
 196 273 156 296 0
 203 191 94 275 0
 104 48 146 244 0
 65 237 198 157 0
 156 198 64 235 0
 132 87 24 110 0
 184 31 92 161 0
 260 279 267 286 0
 193 164 206 293 0
 141 110 152 270 0
 194 62 164 234 0
 267 279 259 285 0
 203 246 163 275 0
 218 208 227 291 0
 142 47 104 244 0
 195 157 237 66 0
 143 50 240 105 0
 221 220 227 287 0
 176 177 169 271 0
 203 94 100 275 0
 194 293 182 296 0
 110 141 120 270 0
 92 95 96 270 0
 109 138 137 295 0
 235 156 273 296 0
 186 172 167 287 0
 144 284 124 292 0
 51 111 143 247 0
 276 277 262 293 0
 154 77 85 276 0
 154 140 77 276 0
 255 203 100 275 0
 189 190 162 294 0
 223 210 214 272 0
 257 85 248 276 0
 223 272 226 288 0
 119 123 145 289 0
 183 159 201 283 0
 154 245 112 276 0
 154 85 257 276 0
 118 150 120 290 0
 248 85 69 276 0
 95 101 87 270 0
 38 217 109 288 0
 250 235 252 296 0
 115 120 134 291 0
 207 224 225 269 0
 142 130 112 277 0
 255 236 246 275 0
 133 38 109 288 0
 211 217 38 288 0
 264 273 296 297 0
 103 115 134 291 0
 207 218 224 291 0
 133 211 38 288 0
 226 294 222 295 0
 226 223 214 272 0
 266 294 288 295 0
 181 178 182 282 0
 126 144 124 292 0
 179 181 183 282 0
 96 95 87 270 0
 224 227 212 291 0
 211 223 226 288 0
 205 78 84 294 0
 255 29 236 100 0
 28 99 256 236 0
 264 296 277 297 0
 76 153 82 295 0
 225 224 213 269 0
 74 79 72 283 0
 190 78 205 294 0
 265 287 270 291 0
 116 119 118 289 0
 76 138 153 295 0
 88 94 98 275 0
 196 180 156 273 0
 73 81 79 283 0
 88 236 29 100 0
 28 99 236 88 0
 257 248 245 276 0
 69 77 80 276 0
 259 279 271 292 0
 253 250 277 296 0
 253 243 250 296 0
 227 287 212 291 0
 156 180 198 273 0
 222 294 70 295 0
 142 104 130 297 0
 239 253 250 277 0
 200 191 163 275 0
 59 212 220 287 0
 222 84 70 294 0
 222 231 84 294 0
 127 137 131 281 0
 226 217 288 295 0
 264 271 284 292 0
 222 70 82 295 0
 222 82 230 295 0
 209 222 226 294 0
 27 93 139 151 0
 191 34 203 94 0
 226 222 217 295 0
 127 126 125 292 0
 240 251 249 280 0
 194 164 182 293 0
 85 154 13 77 0
 93 27 99 151 0
 100 203 34 94 0
 140 13 154 77 0
 109 288 217 295 0
 59 220 192 287 0
 147 140 112 276 0
 101 221 35 232 0
 36 102 229 221 0
 103 113 114 286 0
 136 106 133 285 0
 209 53 205 162 0
 153 109 37 217 0
 121 118 119 290 0
 59 186 212 287 0
 264 284 273 297 0
 136 135 106 285 0
 135 125 117 279 0
 90 97 96 278 0
 124 128 123 284 0
 135 114 113 286 0
 205 209 162 294 0
 232 152 208 44 0
 109 217 153 295 0
 209 53 231 205 0
 60 229 204 220 0
 153 37 230 217 0
 100 94 88 275 0
 246 68 255 203 0
 151 52 256 247 0
 84 78 70 294 0
 76 82 70 295 0
 141 208 152 44 0
 82 230 21 222 0
 15 83 258 248 0
 231 22 222 84 0
 257 14 248 85 0
 204 192 60 220 0
 21 82 222 70 0
 70 222 22 84 0
 14 69 248 85 0
 83 15 69 248 0
 205 231 209 294 0
 156 182 196 296 0
 85 77 69 276 0
 63 235 243 296 0
 16 84 205 78 0
 153 82 9 76 0
 194 63 243 296 0
 230 153 217 295 0
 109 137 133 288 0
 221 36 102 95 0
 95 221 35 101 0
 236 29 28 88 0
 163 191 203 275 0
 81 72 79 283 0
 190 16 205 78 0
 138 153 9 76 0
 186 59 192 287 0
 119 116 123 289 0
 61 258 206 234 0
 106 40 39 215 0
 113 40 216 41 0
 219 56 165 57 0
 58 155 57 213 0
 158 56 210 55 0
 41 42 207 103 0
 128 104 146 297 0
 45 257 245 154 0
 249 251 237 280 0
 131 129 127 281 0
 133 39 38 211 0
 128 284 144 297 0
 112 140 154 276 0
 97 89 96 278 0
 55 214 185 54 0
 203 246 68 163 0
 52 151 111 247 0
 218 227 224 291 0
 107 11 12 71 0
 74 18 19 159 0
 128 124 144 284 0
 193 199 164 293 0
 178 181 179 282 0
 125 126 124 292 0
 32 33 160 91 0
 86 25 26 108 0
 144 130 104 297 0
 206 164 61 234 0
 154 245 45 112 0
 186 192 172 287 0
 164 199 182 293 0
 231 205 84 294 0
 63 156 235 296 0
 186 58 59 212 0
 153 230 82 295 0
 156 194 182 296 0
 89 32 31 184 0
 222 22 21 70 0
 69 15 14 248 0
 217 211 226 288 0
 218 134 42 43 0
 63 194 156 296 0
 90 24 25 132 0
 100 255 7 203 0
 5 99 151 256 0
 82 2 230 153 0
 83 206 3 258 0
 154 1 257 85 0
 84 231 4 205 0
 8 204 229 102 0
 6 152 101 232 0
 53 209 54 162 0
 38 37 109 217 0
 190 17 16 78 0
 138 9 10 76 0
 128 144 104 297 0
 23 24 87 110 0
 31 30 92 161 0
 47 48 104 244 0
 157 65 237 66 0
 49 240 50 105 0
 63 156 64 235 0
 36 221 35 95 0
 233 50 143 51 0
 66 242 195 67 0
 142 46 47 239 0
 109 153 138 295 0
 162 190 205 294 0
 208 141 43 44 0
 59 60 192 220 0
 48 146 238 49 0
 198 64 241 65 0
 246 67 68 163 0
 51 52 111 247 0
 62 61 164 234 0
 245 46 45 112 0
 194 63 62 243 0
 34 191 33 94 0
 26 27 93 139 0
 118 121 150 290 0
 18 17 201 72 0
 10 11 149 73 0
 19 20 75 193 0
 140 12 13 77 0
 212 227 220 287 0
 3 20 206 83 0
 13 1 154 85 0
 27 5 99 151 0
 7 100 203 34 0
 23 6 152 101 0
 229 204 8 60 0
 204 8 30 102 0
 6 152 232 44 0
 230 2 37 153 0
 231 53 4 205 0
 102 229 8 36 0
 101 35 6 232 0
 231 222 209 294 0
 217 222 230 295 0
 7 29 255 100 0
 99 5 28 256 0
 235 250 243 296 0
 83 3 15 258 0
 4 22 231 84 0
 230 21 2 82 0
 257 1 14 85 0
 52 5 151 256 0
 255 68 7 203 0
 45 1 257 154 0
 258 206 3 61 0
 84 4 16 205 0
 9 2 82 153 0
 267 169 166 187 0
 267 166 169 260 0
 267 177 188 259 0
 267 188 177 187 0
 71 149 283 107 0
 71 283 149 73 0
 292 129 127 126 0
 292 127 129 281 0
 286 215 228 216 0
 285 228 286 215 0
 285 286 228 267 0
 271 180 175 176 0
 271 175 180 263 0
 294 214 226 209 0
 294 226 214 272 0
 288 136 259 137 0
 288 259 136 285 0
 174 275 261 200 0
 261 275 174 268 0
 122 290 261 121 0
 261 290 122 268 0
 196 271 178 176 0
 178 271 196 264 0
 151 93 275 99 0
 151 275 93 139 0
 287 278 161 172 0
 287 161 278 270 0
 238 105 49 146 0
 49 105 238 240 0
 242 163 67 246 0
 67 163 242 195 0
 247 143 268 111 0
 247 268 143 233 0
 297 239 250 277 0
 297 250 239 244 0
 293 248 253 234 0
 293 253 248 276 0
 287 221 229 270 0
 287 229 221 220 0
 149 76 266 138 0
 266 76 149 73 0
 201 78 283 72 0
 283 78 201 190 0
 112 239 46 142 0
 46 239 112 245 0
 194 234 293 243 0
 293 234 194 164 0
 297 250 252 296 0
 297 252 250 244 0
 292 117 284 124 0
 292 284 117 279 0
 101 110 23 87 0
 101 23 110 152 0
 102 161 30 204 0
 102 30 161 92 0
 83 193 20 206 0
 83 20 193 75 0
 296 253 293 277 0
 296 293 253 243 0
];
msh.PNT =[
 1 0
 2 0
 3 0
 4 0
 5 0
 6 0
 7 0
 8 0
];
